-54.00, 143.00, 41.00, 1.00, 4.00, -13.00
-53.00, 171.00, 74.00, 1.00, -1.00, -26.00
-51.00, 140.00, 79.00, 35.00, -38.00, -69.00
-50.00, 100.00, 60.00, 82.00, -87.00, -123.00
-55.00, 95.00, 67.00, 119.00, -125.00, -164.00
-53.00, 95.00, 90.00, 146.00, -154.00, -194.00
-35.00, 102.00, 95.00, 178.00, -190.00, -232.00
-23.00, 92.00, 96.00, 225.00, -240.00, -285.00
-23.00, 92.00, 96.00, 287.00, -304.00, -351.00
-20.00, 50.00, 97.00, 348.00, -366.00, -411.00
-47.00, -1.00, 99.00, 391.00, -411.00, -447.00
-36.00, -14.00, 80.00, 413.00, -433.00, -463.00
-11.00, 26.00, 78.00, 438.00, -457.00, -489.00
-11.00, 11.00, 93.00, 469.00, -488.00, -521.00
-9.00, -64.00, 66.00, 476.00, -495.00, -527.00
-10.00, -102.00, 50.00, 453.00, -474.00, -499.00
-16.00, -92.00, 62.00, 424.00, -447.00, -468.00
-24.00, -70.00, 72.00, 416.00, -443.00, -462.00
-17.00, -95.00, 58.00, 419.00, -450.00, -468.00
-26.00, -158.00, 25.00, 404.00, -440.00, -450.00
-31.00, -163.00, 29.00, 371.00, -411.00, -412.00
-27.00, -132.00, 39.00, 343.00, -389.00, -384.00
-11.00, -118.00, 19.00, 334.00, -383.00, -376.00
-26.00, -151.00, 2.00, 326.00, -377.00, -365.00
-38.00, -183.00, 2.00, 308.00, -362.00, -340.00
-18.00, -162.00, 11.00, 280.00, -335.00, -309.00
-18.00, -149.00, 23.00, 249.00, -306.00, -277.00
-17.00, -151.00, 32.00, 222.00, -281.00, -247.00
-4.00, -137.00, 31.00, 204.00, -263.00, -226.00
-4.00, -136.00, 44.00, 189.00, -248.00, -203.00
0.00, -135.00, 69.00, 169.00, -225.00, -175.00
-3.00, -128.00, 77.00, 141.00, -193.00, -139.00
5.00, -115.00, 84.00, 106.00, -154.00, -94.00
7.00, -97.00, 90.00, 65.00, -108.00, -45.00
23.00, -78.00, 93.00, 14.00, -49.00, 14.00
21.00, -73.00, 96.00, 52.00, 23.00, 89.00
33.00, -44.00, 93.00, 124.00, 97.00, 164.00
41.00, -19.00, 92.00, 184.00, 161.00, 226.00
38.00, -24.00, 112.00, 241.00, 223.00, 288.00
74.00, 17.00, 87.00, 302.00, 293.00, 357.00
73.00, -18.00, 85.00, 374.00, 371.00, 437.00
74.00, 13.00, 70.00, 444.00, 443.00, 508.00
117.00, 39.00, 65.00, 504.00, 508.00, 565.00
123.00, 37.00, 42.00, 556.00, 565.00, 618.00
98.00, 45.00, 32.00, 601.00, 612.00, 668.00
114.00, 50.00, 44.00, 645.00, 660.00, 714.00
149.00, 64.00, 43.00, 698.00, 715.00, 758.00
155.00, 56.00, 38.00, 758.00, 778.00, 809.00
145.00, 112.00, 4.00, 790.00, 811.00, 837.00
147.00, 91.00, 9.00, 798.00, 825.00, 847.00
159.00, 67.00, 34.00, 823.00, 852.00, 863.00
169.00, 52.00, 25.00, 855.00, 886.00, 887.00
162.00, 95.00, 38.00, 859.00, 904.00, 908.00
154.00, 88.00, 34.00, 872.00, 920.00, 927.00
148.00, 86.00, 37.00, 907.00, 955.00, 951.00
151.00, 114.00, 65.00, 932.00, 978.00, 968.00
147.00, 114.00, 82.00, 928.00, 969.00, 948.00
144.00, 98.00, 81.00, 904.00, 942.00, 921.00
139.00, 75.00, 56.00, 881.00, 922.00, 888.00
134.00, 60.00, 52.00, 868.00, 907.00, 869.00
126.00, 68.00, 59.00, 849.00, 885.00, 839.00
127.00, 63.00, 71.00, 809.00, 842.00, 794.00
130.00, 50.00, 62.00, 758.00, 792.00, 743.00
123.00, 42.00, 52.00, 714.00, 747.00, 693.00
118.00, 48.00, 59.00, 669.00, 699.00, 643.00
113.00, 57.00, 82.00, 611.00, 640.00, 585.00
107.00, 40.00, 63.00, 549.00, 579.00, 524.00
101.00, 32.00, 52.00, 499.00, 527.00, 470.00
97.00, 49.00, 52.00, 459.00, 482.00, 419.00
93.00, 59.00, 65.00, 406.00, 422.00, 356.00
92.00, 42.00, 66.00, 337.00, 349.00, 283.00
87.00, 27.00, 53.00, 269.00, 278.00, 210.00
71.00, 29.00, 42.00, 201.00, 210.00, 139.00
60.00, 15.00, 38.00, 133.00, 139.00, 68.00
48.00, 2.00, 24.00, 65.00, 70.00, 2.00
44.00, -0.00, 24.00, 1.00, 2.00, -60.00
43.00, -23.00, 4.00, 67.00, -61.00, -119.00
36.00, -40.00, 14.00, 120.00, -111.00, -165.00
28.00, -39.00, 17.00, 155.00, -142.00, -193.00
21.00, -24.00, 6.00, 176.00, -164.00, -210.00
11.00, -36.00, 5.00, 196.00, -185.00, -226.00
4.00, -36.00, 5.00, 216.00, -206.00, -242.00
7.00, -32.00, 16.00, 236.00, -224.00, -256.00
0.00, -48.00, 29.00, 249.00, -235.00, -263.00
-6.00, -53.00, 27.00, 249.00, -234.00, -259.00
-13.00, -47.00, 13.00, 243.00, -228.00, -249.00
-15.00, -41.00, 16.00, 236.00, -222.00, -240.00
-16.00, -39.00, 16.00, 231.00, -218.00, -234.00
-17.00, -44.00, 25.00, 227.00, -216.00, -229.00
-25.00, -56.00, 24.00, 219.00, -211.00, -219.00
-26.00, -65.00, 14.00, 206.00, -200.00, -204.00
-20.00, -28.00, 16.00, 191.00, -186.00, -188.00
-22.00, -30.00, 17.00, 184.00, -179.00, -180.00
-27.00, -43.00, 19.00, 179.00, -175.00, -175.00
-29.00, -55.00, 24.00, 170.00, -167.00, -164.00
-30.00, -38.00, 26.00, 152.00, -148.00, -143.00
-32.00, -21.00, 23.00, 130.00, -125.00, -120.00
-33.00, -16.00, 27.00, 111.00, -106.00, -101.00
-36.00, -16.00, 29.00, 96.00, -91.00, -87.00
-39.00, -20.00, 28.00, 81.00, -78.00, -74.00
-35.00, 148.00, 31.00, 62.00, 63.00, 44.00
-60.00, 167.00, 63.00, 82.00, 80.00, 51.00
-77.00, 175.00, 92.00, 83.00, 79.00, 46.00
-85.00, 178.00, 111.00, 67.00, 58.00, 22.00
-76.00, 156.00, 113.00, 39.00, 28.00, -10.00
-41.00, 115.00, 113.00, 8.00, -1.00, -46.00
-35.00, 110.00, 134.00, 21.00, -30.00, -78.00
-31.00, 118.00, 152.00, 55.00, -65.00, -114.00
-12.00, 92.00, 145.00, 118.00, -139.00, -186.00
4.00, 42.00, 132.00, 195.00, -218.00, -262.00
25.00, -12.00, 128.00, 267.00, -292.00, -334.00
46.00, -56.00, 112.00, 327.00, -350.00, -392.00
21.00, -57.00, 105.00, 362.00, -382.00, -426.00
7.00, -89.00, 98.00, 391.00, -414.00, -453.00
23.00, -110.00, 70.00, 423.00, -447.00, -475.00
21.00, -156.00, 68.00, 438.00, -463.00, -485.00
8.00, -160.00, 69.00, 429.00, -457.00, -474.00
7.00, -128.00, 67.00, 416.00, -450.00, -459.00
18.00, -151.00, 45.00, 415.00, -456.00, -460.00
8.00, -190.00, 34.00, 413.00, -461.00, -464.00
15.00, -192.00, 26.00, 412.00, -466.00, -462.00
22.00, -195.00, 6.00, 413.00, -470.00, -459.00
12.00, -215.00, 10.00, 411.00, -468.00, -450.00
22.00, -221.00, 31.00, 405.00, -458.00, -430.00
34.00, -255.00, 48.00, 385.00, -434.00, -397.00
38.00, -235.00, 47.00, 339.00, -388.00, -341.00
47.00, -204.00, 29.00, 284.00, -335.00, -277.00
74.00, -198.00, 55.00, 234.00, -289.00, -223.00
95.00, -206.00, 75.00, 176.00, -233.00, -168.00
103.00, -185.00, 67.00, 110.00, -165.00, -97.00
101.00, -133.00, 68.00, 49.00, -103.00, -23.00
131.00, -130.00, 123.00, 7.00, -45.00, 42.00
138.00, -108.00, 115.00, 86.00, 40.00, 123.00
150.00, -19.00, 79.00, 177.00, 135.00, 223.00
170.00, 34.00, 102.00, 257.00, 218.00, 311.00
189.00, -30.00, 140.00, 332.00, 299.00, 383.00
186.00, 23.00, 106.00, 416.00, 393.00, 472.00
200.00, 41.00, 88.00, 498.00, 478.00, 556.00
202.00, 97.00, 58.00, 569.00, 553.00, 628.00
234.00, 83.00, 89.00, 615.00, 605.00, 680.00
238.00, 56.00, 72.00, 664.00, 667.00, 735.00
217.00, 60.00, 57.00, 733.00, 743.00, 805.00
246.00, 131.00, 21.00, 811.00, 824.00, 885.00
265.00, 146.00, 14.00, 867.00, 886.00, 940.00
263.00, 85.00, 23.00, 908.00, 933.00, 977.00
253.00, 67.00, 20.00, 967.00, 995.00, 1024.00
283.00, 137.00, 48.00, 1029.00, 1055.00, 1072.00
276.00, 153.00, 48.00, 1038.00, 1067.00, 1079.00
252.00, 49.00, 10.00, 1026.00, 1060.00, 1071.00
256.00, 95.00, 42.00, 1066.00, 1104.00, 1101.00
245.00, 171.00, 92.00, 1104.00, 1142.00, 1133.00
217.00, 108.00, 58.00, 1100.00, 1135.00, 1118.00
220.00, 83.00, 48.00, 1096.00, 1130.00, 1099.00
239.00, 131.00, 97.00, 1093.00, 1123.00, 1078.00
239.00, 131.00, 97.00, 1050.00, 1078.00, 1027.00
206.00, 44.00, 56.00, 989.00, 1013.00, 957.00
206.00, 44.00, 56.00, 943.00, 964.00, 897.00
213.00, 60.00, 62.00, 888.00, 909.00, 838.00
210.00, 86.00, 89.00, 806.00, 829.00, 758.00
196.00, 35.00, 56.00, 731.00, 754.00, 683.00
193.00, 16.00, 40.00, 670.00, 692.00, 619.00
198.00, 39.00, 61.00, 605.00, 627.00, 553.00
186.00, 28.00, 59.00, 539.00, 561.00, 488.00
167.00, 12.00, 53.00, 476.00, 497.00, 425.00
162.00, 21.00, 47.00, 413.00, 433.00, 362.00
161.00, 27.00, 55.00, 345.00, 365.00, 296.00
153.00, 11.00, 50.00, 283.00, 302.00, 234.00
140.00, 13.00, 48.00, 226.00, 243.00, 174.00
134.00, 20.00, 48.00, 163.00, 178.00, 112.00
130.00, 17.00, 32.00, 99.00, 114.00, 50.00
125.00, -8.00, 34.00, 47.00, 63.00, 1.00
116.00, -24.00, 26.00, 9.00, 25.00, -34.00
103.00, -20.00, 24.00, 23.00, -7.00, -65.00
94.00, -21.00, 26.00, 57.00, -44.00, -96.00
85.00, -28.00, 16.00, 89.00, -78.00, -125.00
87.00, -34.00, 18.00, 118.00, -107.00, -152.00
76.00, -42.00, 11.00, 141.00, -130.00, -173.00
69.00, -37.00, 10.00, 163.00, -154.00, -193.00
61.00, -38.00, 5.00, 186.00, -177.00, -211.00
55.00, -45.00, 6.00, 204.00, -197.00, -225.00
49.00, -48.00, 1.00, 220.00, -212.00, -237.00
47.00, -38.00, 4.00, 233.00, -226.00, -248.00
46.00, -37.00, 5.00, 247.00, -239.00, -260.00
40.00, -51.00, 11.00, 256.00, -249.00, -267.00
36.00, -57.00, 21.00, 258.00, -252.00, -267.00
36.00, -58.00, 9.00, 256.00, -251.00, -263.00
35.00, -58.00, 20.00, 252.00, -245.00, -256.00
27.00, -59.00, 27.00, 244.00, -237.00, -245.00
21.00, -57.00, 20.00, 234.00, -229.00, -233.00
25.00, -61.00, 28.00, 219.00, -213.00, -217.00
17.00, -59.00, 30.00, 197.00, -191.00, -193.00
12.00, -43.00, 21.00, 175.00, -170.00, -169.00
3.00, -36.00, 20.00, 158.00, -154.00, -151.00
8.00, -29.00, 20.00, 145.00, -142.00, -137.00
7.00, -26.00, 22.00, 130.00, -128.00, -122.00
8.00, -23.00, 29.00, 109.00, -106.00, -102.00
4.00, -10.00, 26.00, 87.00, -84.00, -80.00
7.00, -6.00, 27.00, 67.00, -65.00, -61.00
5.00, -1.00, 19.00, 52.00, -51.00, -48.00
7.00, 6.00, 16.00, 44.00, -44.00, -41.00
-12.00, 24.00, 13.00, 12.00, 13.00, 14.00
-20.00, 53.00, 16.00, 2.00, 2.00, 5.00
-14.00, 68.00, 2.00, 8.00, -6.00, -6.00
-30.00, 85.00, 7.00, 3.00, 2.00, -2.00
-37.00, 121.00, 10.00, 12.00, 17.00, 8.00
-32.00, 163.00, 37.00, 19.00, 21.00, 5.00
-23.00, 167.00, 54.00, 2.00, 1.00, -26.00
-15.00, 142.00, 63.00, 32.00, -34.00, -68.00
-18.00, 128.00, 87.00, 70.00, -71.00, -106.00
-29.00, 94.00, 75.00, 93.00, -95.00, -130.00
-16.00, 89.00, 72.00, 103.00, -107.00, -146.00
-4.00, 111.00, 117.00, 129.00, -137.00, -181.00
3.00, 73.00, 115.00, 180.00, -194.00, -241.00
10.00, 28.00, 104.00, 240.00, -259.00, -305.00
16.00, -20.00, 92.00, 289.00, -308.00, -354.00
15.00, -64.00, 88.00, 319.00, -337.00, -382.00
6.00, -66.00, 91.00, 335.00, -357.00, -397.00
-14.00, -83.00, 93.00, 347.00, -376.00, -409.00
13.00, -89.00, 90.00, 360.00, -395.00, -425.00
6.00, -117.00, 81.00, 369.00, -409.00, -438.00
-1.00, -134.00, 75.00, 377.00, -421.00, -444.00
16.00, -163.00, 66.00, 381.00, -433.00, -449.00
14.00, -175.00, 35.00, 378.00, -437.00, -446.00
5.00, -178.00, 15.00, 377.00, -441.00, -444.00
23.00, -186.00, 6.00, 384.00, -450.00, -446.00
26.00, -204.00, 43.00, 386.00, -453.00, -441.00
40.00, -213.00, 60.00, 374.00, -439.00, -420.00
67.00, -205.00, 35.00, 362.00, -426.00, -397.00
61.00, -200.00, 43.00, 352.00, -418.00, -379.00
65.00, -194.00, 81.00, 332.00, -395.00, -349.00
75.00, -194.00, 74.00, 291.00, -348.00, -297.00
79.00, -180.00, 61.00, 247.00, -301.00, -234.00
83.00, -155.00, 86.00, 198.00, -247.00, -167.00
122.00, -129.00, 128.00, 128.00, -166.00, -84.00
135.00, -128.00, 108.00, 28.00, -57.00, 28.00
124.00, -71.00, 77.00, 66.00, 35.00, 134.00
163.00, -22.00, 113.00, 138.00, 110.00, 210.00
174.00, -40.00, 140.00, 221.00, 202.00, 298.00
181.00, -2.00, 123.00, 322.00, 311.00, 410.00
190.00, 87.00, 107.00, 418.00, 412.00, 508.00
207.00, 94.00, 118.00, 507.00, 507.00, 592.00
218.00, 107.00, 91.00, 591.00, 599.00, 676.00
205.00, 145.00, 80.00, 667.00, 682.00, 755.00
214.00, 145.00, 77.00, 751.00, 771.00, 829.00
216.00, 141.00, 60.00, 834.00, 859.00, 900.00
205.00, 152.00, 31.00, 899.00, 925.00, 954.00
206.00, 144.00, 34.00, 931.00, 959.00, 976.00
212.00, 100.00, 41.00, 955.00, 991.00, 999.00
217.00, 118.00, 7.00, 983.00, 1024.00, 1028.00
206.00, 118.00, 1.00, 1009.00, 1053.00, 1050.00
199.00, 118.00, 8.00, 1035.00, 1078.00, 1063.00
211.00, 143.00, 25.00, 1036.00, 1082.00, 1059.00
209.00, 129.00, 37.00, 1019.00, 1068.00, 1041.00
195.00, 105.00, 35.00, 1016.00, 1064.00, 1028.00
178.00, 117.00, 46.00, 1011.00, 1052.00, 1002.00
193.00, 142.00, 70.00, 961.00, 999.00, 944.00
201.00, 101.00, 65.00, 891.00, 936.00, 880.00
170.00, 81.00, 68.00, 860.00, 908.00, 845.00
150.00, 119.00, 92.00, 833.00, 868.00, 796.00
162.00, 129.00, 105.00, 774.00, 806.00, 729.00
160.00, 73.00, 82.00, 682.00, 711.00, 631.00
146.00, 31.00, 64.00, 596.00, 628.00, 548.00
137.00, 48.00, 78.00, 549.00, 581.00, 497.00
122.00, 61.00, 93.00, 496.00, 523.00, 440.00
121.00, 35.00, 87.00, 426.00, 447.00, 363.00
107.00, 9.00, 67.00, 345.00, 364.00, 281.00
95.00, -12.00, 60.00, 270.00, 287.00, 205.00
90.00, -11.00, 49.00, 199.00, 214.00, 138.00
90.00, -37.00, 56.00, 134.00, 145.00, 73.00
76.00, -46.00, 39.00, 73.00, 84.00, 16.00
65.00, -51.00, 35.00, 22.00, 31.00, -32.00
60.00, -66.00, 38.00, 27.00, -21.00, -78.00
52.00, -75.00, 16.00, 75.00, -70.00, -120.00
39.00, -70.00, 16.00, 114.00, -109.00, -155.00
33.00, -86.00, 8.00, 146.00, -141.00, -181.00
24.00, -76.00, 10.00, 169.00, -162.00, -196.00
15.00, -78.00, 2.00, 182.00, -175.00, -203.00
14.00, -58.00, 6.00, 191.00, -184.00, -209.00
9.00, -61.00, 0.00, 198.00, -192.00, -213.00
5.00, -75.00, 2.00, 203.00, -197.00, -215.00
2.00, -68.00, 5.00, 198.00, -193.00, -207.00
6.00, -56.00, 6.00, 189.00, -185.00, -195.00
5.00, -60.00, 3.00, 179.00, -176.00, -185.00
-14.00, -59.00, 4.00, 165.00, -162.00, -171.00
-16.00, -55.00, 7.00, 149.00, -147.00, -151.00
-16.00, -55.00, 7.00, 133.00, -132.00, -133.00
-18.00, -38.00, 2.00, 121.00, -123.00, -119.00
-18.00, -38.00, 2.00, 114.00, -116.00, -111.00
-18.00, -33.00, 7.00, 108.00, -109.00, -105.00
-24.00, -41.00, 17.00, 99.00, -100.00, -95.00
-18.00, -30.00, 13.00, 86.00, -87.00, -80.00
-15.00, -24.00, 11.00, 70.00, -70.00, -64.00
-17.00, -20.00, 12.00, 53.00, -53.00, -46.00
-15.00, -4.00, 3.00, 40.00, -40.00, -34.00
-12.00, -14.00, 12.00, 26.00, -26.00, -21.00
-15.00, -18.00, 11.00, 10.00, -10.00, -5.00
-9.00, -5.00, 2.00, 4.00, 4.00, 8.00
-18.00, -7.00, 4.00, 13.00, 13.00, 18.00
-14.00, -5.00, 3.00, 21.00, 19.00, 25.00
-9.00, -2.00, 0.00, 29.00, 28.00, 31.00
-8.00, 82.00, 16.00, 29.00, -29.00, -38.00
-18.00, 71.00, 25.00, 42.00, -40.00, -51.00
-26.00, 89.00, 46.00, 46.00, -45.00, -61.00
-29.00, 98.00, 68.00, 53.00, -56.00, -74.00
-24.00, 74.00, 69.00, 77.00, -84.00, -105.00
-24.00, 74.00, 69.00, 115.00, -124.00, -148.00
-21.00, 36.00, 65.00, 150.00, -157.00, -182.00
-21.00, 36.00, 65.00, 168.00, -177.00, -204.00
-24.00, 44.00, 69.00, 187.00, -200.00, -230.00
-17.00, 42.00, 76.00, 220.00, -238.00, -270.00
-18.00, 8.00, 60.00, 262.00, -283.00, -314.00
-14.00, -16.00, 43.00, 302.00, -323.00, -352.00
-9.00, -32.00, 30.00, 332.00, -352.00, -380.00
-13.00, -39.00, 25.00, 356.00, -376.00, -402.00
-13.00, -50.00, 21.00, 377.00, -398.00, -420.00
-13.00, -66.00, 26.00, 395.00, -416.00, -434.00
-11.00, -76.00, 10.00, 406.00, -426.00, -442.00
-15.00, -85.00, 7.00, 410.00, -429.00, -442.00
-24.00, -104.00, 1.00, 404.00, -424.00, -433.00
-17.00, -96.00, 11.00, 395.00, -417.00, -421.00
-3.00, -99.00, 13.00, 389.00, -413.00, -415.00
1.00, -123.00, 2.00, 376.00, -398.00, -399.00
-5.00, -132.00, 1.00, 351.00, -373.00, -369.00
-17.00, -124.00, 10.00, 316.00, -342.00, -331.00
-13.00, -105.00, 18.00, 287.00, -318.00, -301.00
-3.00, -97.00, 1.00, 266.00, -300.00, -283.00
-3.00, -106.00, 20.00, 246.00, -281.00, -264.00
-19.00, -95.00, 14.00, 230.00, -267.00, -242.00
-6.00, -77.00, 31.00, 221.00, -262.00, -229.00
19.00, -66.00, 58.00, 216.00, -254.00, -222.00
14.00, -93.00, 69.00, 198.00, -228.00, -200.00
-18.00, -69.00, 60.00, 170.00, -199.00, -160.00
3.00, -24.00, 73.00, 145.00, -177.00, -133.00
39.00, -20.00, 86.00, 126.00, -152.00, -115.00
46.00, -57.00, 89.00, 98.00, -117.00, -85.00
19.00, -61.00, 53.00, 64.00, -83.00, -44.00
24.00, -32.00, 62.00, 40.00, -63.00, -18.00
51.00, -16.00, 91.00, 21.00, -39.00, -0.00
53.00, -48.00, 100.00, 6.00, -2.00, 34.00
37.00, -69.00, 84.00, 59.00, 56.00, 96.00
50.00, -9.00, 70.00, 113.00, 110.00, 155.00
75.00, 12.00, 61.00, 155.00, 155.00, 195.00
72.00, -24.00, 71.00, 194.00, 201.00, 239.00
61.00, -5.00, 54.00, 243.00, 251.00, 294.00
82.00, 22.00, 47.00, 294.00, 304.00, 345.00
96.00, 12.00, 40.00, 347.00, 361.00, 396.00
75.00, 19.00, 17.00, 400.00, 414.00, 449.00
83.00, 56.00, 13.00, 444.00, 457.00, 491.00
97.00, 57.00, 21.00, 474.00, 489.00, 516.00
90.00, 45.00, 20.00, 501.00, 518.00, 543.00
91.00, 58.00, 10.00, 532.00, 552.00, 576.00
103.00, 68.00, 8.00, 568.00, 589.00, 607.00
109.00, 71.00, 8.00, 602.00, 622.00, 630.00
95.00, 79.00, 14.00, 617.00, 636.00, 639.00
100.00, 70.00, 13.00, 611.00, 630.00, 632.00
109.00, 48.00, 4.00, 609.00, 628.00, 626.00
107.00, 51.00, 1.00, 613.00, 633.00, 624.00
107.00, 61.00, 28.00, 603.00, 624.00, 615.00
106.00, 58.00, 28.00, 579.00, 601.00, 594.00
111.00, 41.00, 10.00, 569.00, 589.00, 576.00
107.00, 51.00, 17.00, 559.00, 578.00, 557.00
110.00, 58.00, 43.00, 526.00, 544.00, 524.00
106.00, 29.00, 18.00, 492.00, 511.00, 492.00
106.00, 33.00, 13.00, 476.00, 494.00, 469.00
105.00, 61.00, 33.00, 450.00, 468.00, 441.00
102.00, 56.00, 33.00, 406.00, 424.00, 398.00
99.00, 32.00, 8.00, 366.00, 384.00, 356.00
102.00, 44.00, 14.00, 337.00, 353.00, 322.00
103.00, 55.00, 23.00, 303.00, 322.00, 290.00
93.00, 52.00, 17.00, 275.00, 295.00, 261.00
86.00, 64.00, 21.00, 251.00, 270.00, 233.00
81.00, 66.00, 22.00, 216.00, 233.00, 193.00
83.00, 51.00, 22.00, 168.00, 185.00, 145.00
84.00, 18.00, 17.00, 125.00, 145.00, 106.00
76.00, 32.00, 19.00, 99.00, 121.00, 82.00
72.00, 30.00, 29.00, 77.00, 98.00, 57.00
64.00, 26.00, 28.00, 48.00, 66.00, 25.00
64.00, 5.00, 22.00, 13.00, 30.00, -10.00
68.00, -6.00, 21.00, 20.00, -3.00, -39.00
59.00, -20.00, 13.00, 40.00, -21.00, -58.00
50.00, -15.00, 18.00, 52.00, -36.00, -71.00
44.00, -7.00, 26.00, 69.00, -55.00, -88.00
44.00, -21.00, 23.00, 92.00, -79.00, -109.00
42.00, -26.00, 9.00, 110.00, -96.00, -125.00
32.00, -29.00, 13.00, 118.00, -104.00, -133.00
31.00, -22.00, 14.00, 124.00, -112.00, -138.00
24.00, -23.00, 16.00, 137.00, -127.00, -150.00
27.00, -41.00, 6.00, 151.00, -141.00, -162.00
20.00, -42.00, 1.00, 155.00, -143.00, -164.00
17.00, -37.00, 0.00, 152.00, -141.00, -159.00
11.00, -35.00, 6.00, 152.00, -141.00, -156.00
15.00, -42.00, 0.00, 153.00, -143.00, -156.00
10.00, -51.00, 3.00, 152.00, -141.00, -153.00
7.00, -58.00, 2.00, 145.00, -135.00, -146.00
1.00, -49.00, 3.00, 138.00, -128.00, -136.00
-2.00, -45.00, 2.00, 132.00, -125.00, -129.00
2.00, -47.00, 0.00, 129.00, -122.00, -125.00
0.00, -50.00, 6.00, 122.00, -115.00, -117.00
-4.00, -43.00, 0.00, 109.00, -102.00, -103.00
-9.00, -29.00, 1.00, 96.00, -91.00, -89.00
-24.00, 63.00, 16.00, 5.00, 6.00, 5.00
-30.00, 113.00, 10.00, 11.00, 14.00, 11.00
-35.00, 146.00, 8.00, 21.00, 26.00, 16.00
-43.00, 160.00, 36.00, 33.00, 39.00, 21.00
-47.00, 179.00, 64.00, 40.00, 43.00, 18.00
-34.00, 189.00, 96.00, 33.00, 32.00, -0.00
-35.00, 159.00, 127.00, 7.00, 3.00, -37.00
-26.00, 128.00, 146.00, 33.00, -39.00, -84.00
-13.00, 113.00, 148.00, 76.00, -85.00, -134.00
-8.00, 71.00, 144.00, 115.00, -127.00, -182.00
1.00, 19.00, 152.00, 136.00, -154.00, -212.00
11.00, -21.00, 179.00, 148.00, -172.00, -228.00
19.00, -33.00, 195.00, 170.00, -203.00, -258.00
30.00, -100.00, 177.00, 211.00, -251.00, -301.00
36.00, -178.00, 134.00, 236.00, -283.00, -327.00
35.00, -199.00, 121.00, 225.00, -280.00, -315.00
60.00, -189.00, 119.00, 197.00, -265.00, -293.00
75.00, -194.00, 115.00, 189.00, -273.00, -294.00
85.00, -220.00, 63.00, 213.00, -311.00, -321.00
112.00, -247.00, 11.00, 256.00, -358.00, -355.00
115.00, -265.00, 53.00, 285.00, -381.00, -366.00
101.00, -264.00, 87.00, 290.00, -379.00, -344.00
138.00, -240.00, 110.00, 275.00, -355.00, -303.00
136.00, -237.00, 132.00, 230.00, -295.00, -232.00
131.00, -189.00, 97.00, 153.00, -210.00, -135.00
132.00, -122.00, 115.00, 78.00, -133.00, -44.00
160.00, -103.00, 140.00, 2.00, -48.00, 38.00
155.00, -81.00, 105.00, 86.00, 49.00, 139.00
185.00, -28.00, 97.00, 180.00, 147.00, 248.00
209.00, 7.00, 97.00, 261.00, 236.00, 336.00
223.00, -13.00, 93.00, 346.00, 329.00, 427.00
218.00, 39.00, 42.00, 441.00, 430.00, 531.00
224.00, 77.00, 42.00, 522.00, 514.00, 619.00
253.00, 72.00, 62.00, 596.00, 590.00, 689.00
265.00, 103.00, 74.00, 674.00, 677.00, 768.00
255.00, 173.00, 40.00, 754.00, 769.00, 852.00
254.00, 175.00, 75.00, 834.00, 857.00, 936.00
274.00, 190.00, 74.00, 937.00, 967.00, 1027.00
275.00, 192.00, 45.00, 1036.00, 1071.00, 1110.00
266.00, 255.00, 2.00, 1087.00, 1130.00, 1164.00
282.00, 218.00, 22.00, 1108.00, 1160.00, 1188.00
278.00, 174.00, 23.00, 1172.00, 1230.00, 1236.00
261.00, 244.00, 42.00, 1240.00, 1295.00, 1275.00
264.00, 256.00, 81.00, 1227.00, 1280.00, 1252.00
251.00, 179.00, 47.00, 1184.00, 1240.00, 1206.00
249.00, 170.00, 86.00, 1175.00, 1234.00, 1187.00
220.00, 196.00, 131.00, 1172.00, 1229.00, 1172.00
204.00, 175.00, 154.00, 1144.00, 1191.00, 1123.00
200.00, 165.00, 150.00, 1090.00, 1130.00, 1045.00
186.00, 153.00, 157.00, 1004.00, 1040.00, 945.00
181.00, 103.00, 125.00, 898.00, 928.00, 830.00
206.00, 56.00, 116.00, 798.00, 822.00, 724.00
195.00, 61.00, 102.00, 707.00, 732.00, 629.00
177.00, 66.00, 105.00, 613.00, 637.00, 535.00
161.00, 39.00, 80.00, 517.00, 538.00, 442.00
152.00, 20.00, 79.00, 433.00, 453.00, 360.00
144.00, 37.00, 73.00, 356.00, 374.00, 283.00
144.00, 37.00, 73.00, 277.00, 295.00, 204.00
119.00, 2.00, 60.00, 194.00, 210.00, 125.00
119.00, 2.00, 60.00, 120.00, 134.00, 54.00
122.00, -39.00, 65.00, 58.00, 73.00, -1.00
105.00, -45.00, 56.00, 10.00, 23.00, -46.00
90.00, -30.00, 61.00, 39.00, -27.00, -92.00
82.00, -39.00, 46.00, 86.00, -75.00, -134.00
75.00, -58.00, 51.00, 128.00, -121.00, -174.00
58.00, -65.00, 37.00, 163.00, -157.00, -206.00
54.00, -53.00, 35.00, 194.00, -188.00, -233.00
36.00, -59.00, 29.00, 221.00, -216.00, -254.00
27.00, -64.00, 24.00, 243.00, -239.00, -268.00
21.00, -71.00, 30.00, 261.00, -258.00, -284.00
20.00, -77.00, 20.00, 274.00, -271.00, -296.00
13.00, -50.00, 16.00, 287.00, -283.00, -304.00
8.00, -72.00, 8.00, 295.00, -289.00, -308.00
2.00, -80.00, 2.00, 294.00, -287.00, -297.00
1.00, -68.00, 12.00, 283.00, -277.00, -285.00
-4.00, -68.00, 8.00, 272.00, -268.00, -274.00
-12.00, -60.00, 3.00, 263.00, -259.00, -262.00
-9.00, -59.00, 4.00, 253.00, -249.00, -250.00
-11.00, -62.00, 1.00, 241.00, -238.00, -235.00
-17.00, -59.00, 4.00, 227.00, -225.00, -220.00
-10.00, -47.00, 1.00, 213.00, -212.00, -205.00
-11.00, -48.00, 6.00, 197.00, -195.00, -188.00
-17.00, -49.00, 11.00, 170.00, -167.00, -161.00
-23.00, -33.00, 4.00, 142.00, -140.00, -132.00
-22.00, -19.00, 6.00, 121.00, -121.00, -111.00
-13.00, -25.00, 4.00, 107.00, -107.00, -98.00
-18.00, -32.00, 6.00, 89.00, -89.00, -81.00
-24.00, -30.00, 15.00, 62.00, -63.00, -55.00
-26.00, 1.00, 5.00, 40.00, -42.00, -33.00
-20.00, -4.00, 2.00, 28.00, -31.00, -24.00
-12.00, -17.00, 12.00, 20.00, -21.00, -16.00
-16.00, -13.00, 9.00, 5.00, -7.00, -3.00
-17.00, -10.00, 1.00, 11.00, 9.00, 13.00
-27.00, -3.00, 3.00, 23.00, 20.00, 24.00
-28.00, 7.00, 4.00, 28.00, 23.00, 27.00
-21.00, 5.00, 8.00, 27.00, 24.00, 26.00
-22.00, -7.00, 16.00, 32.00, 30.00, 31.00
-29.00, 4.00, 6.00, 42.00, 40.00, 43.00
-25.00, 25.00, 4.00, 48.00, 45.00, 48.00
-19.00, 20.00, 2.00, 44.00, 40.00, 41.00
-18.00, 62.00, 13.00, 22.00, -21.00, -30.00
-20.00, 75.00, 23.00, 27.00, -28.00, -39.00
-18.00, 78.00, 29.00, 41.00, -44.00, -60.00
-17.00, 64.00, 27.00, 62.00, -67.00, -86.00
-16.00, 59.00, 34.00, 86.00, -91.00, -112.00
-16.00, 53.00, 36.00, 109.00, -114.00, -137.00
-16.00, 44.00, 43.00, 131.00, -138.00, -162.00
-16.00, 32.00, 41.00, 154.00, -163.00, -189.00
-13.00, 24.00, 46.00, 178.00, -189.00, -216.00
-14.00, 11.00, 51.00, 205.00, -217.00, -245.00
-13.00, -6.00, 49.00, 230.00, -244.00, -272.00
-11.00, -10.00, 53.00, 254.00, -270.00, -295.00
-12.00, -21.00, 55.00, 277.00, -293.00, -317.00
-13.00, -39.00, 49.00, 293.00, -312.00, -335.00
-5.00, -48.00, 41.00, 301.00, -322.00, -346.00
-7.00, -60.00, 37.00, 304.00, -327.00, -350.00
-12.00, -68.00, 39.00, 304.00, -330.00, -351.00
-3.00, -82.00, 41.00, 309.00, -338.00, -356.00
8.00, -95.00, 23.00, 317.00, -350.00, -364.00
12.00, -120.00, 5.00, 316.00, -349.00, -363.00
7.00, -129.00, 2.00, 305.00, -337.00, -347.00
11.00, -120.00, 14.00, 292.00, -326.00, -328.00
17.00, -131.00, 21.00, 283.00, -322.00, -317.00
21.00, -145.00, 3.00, 278.00, -319.00, -311.00
26.00, -130.00, 5.00, 273.00, -318.00, -303.00
28.00, -126.00, 9.00, 272.00, -318.00, -298.00
40.00, -141.00, 32.00, 264.00, -310.00, -283.00
40.00, -119.00, 40.00, 240.00, -287.00, -253.00
48.00, -88.00, 50.00, 212.00, -259.00, -221.00
51.00, -70.00, 54.00, 186.00, -234.00, -193.00
59.00, -78.00, 90.00, 159.00, -204.00, -161.00
61.00, -61.00, 82.00, 119.00, -159.00, -113.00
75.00, -50.00, 70.00, 70.00, -107.00, -58.00
93.00, -47.00, 68.00, 21.00, -56.00, -6.00
78.00, -43.00, 74.00, 24.00, -8.00, 45.00
96.00, -21.00, 75.00, 61.00, 30.00, 87.00
121.00, -18.00, 89.00, 95.00, 68.00, 126.00
130.00, -27.00, 75.00, 139.00, 118.00, 174.00
114.00, -24.00, 73.00, 190.00, 175.00, 235.00
131.00, 10.00, 69.00, 243.00, 230.00, 293.00
157.00, 15.00, 79.00, 295.00, 286.00, 345.00
156.00, 8.00, 70.00, 353.00, 351.00, 406.00
162.00, 40.00, 65.00, 413.00, 418.00, 474.00
188.00, 35.00, 66.00, 483.00, 495.00, 547.00
184.00, 43.00, 48.00, 568.00, 584.00, 627.00
170.00, 83.00, 24.00, 640.00, 656.00, 697.00
174.00, 105.00, 34.00, 680.00, 696.00, 739.00
193.00, 108.00, 55.00, 714.00, 732.00, 771.00
180.00, 120.00, 49.00, 751.00, 777.00, 806.00
171.00, 150.00, 33.00, 788.00, 818.00, 842.00
178.00, 175.00, 27.00, 816.00, 851.00, 869.00
185.00, 163.00, 25.00, 844.00, 879.00, 884.00
175.00, 164.00, 1.00, 859.00, 895.00, 885.00
165.00, 166.00, 14.00, 847.00, 884.00, 870.00
164.00, 145.00, 14.00, 826.00, 865.00, 847.00
168.00, 135.00, 26.00, 813.00, 853.00, 826.00
155.00, 147.00, 54.00, 794.00, 832.00, 796.00
152.00, 132.00, 66.00, 748.00, 786.00, 746.00
149.00, 92.00, 61.00, 701.00, 738.00, 694.00
146.00, 91.00, 72.00, 667.00, 700.00, 648.00
143.00, 94.00, 83.00, 622.00, 651.00, 593.00
139.00, 70.00, 73.00, 562.00, 586.00, 526.00
136.00, 45.00, 62.00, 503.00, 523.00, 461.00
135.00, 41.00, 59.00, 446.00, 464.00, 398.00
130.00, 36.00, 52.00, 382.00, 397.00, 331.00
122.00, 16.00, 41.00, 314.00, 327.00, 264.00
118.00, -2.00, 38.00, 252.00, 265.00, 205.00
109.00, 5.00, 29.00, 200.00, 213.00, 156.00
102.00, 2.00, 24.00, 154.00, 166.00, 110.00
91.00, -1.00, 20.00, 106.00, 118.00, 65.00
93.00, -9.00, 17.00, 59.00, 71.00, 22.00
84.00, -20.00, 9.00, 23.00, 36.00, -10.00
79.00, -5.00, 16.00, 2.00, 10.00, -33.00
73.00, -7.00, 14.00, 26.00, -15.00, -57.00
66.00, -1.00, 16.00, 54.00, -44.00, -84.00
64.00, -9.00, 4.00, 88.00, -79.00, -116.00
63.00, -27.00, 2.00, 120.00, -110.00, -145.00
63.00, -27.00, 2.00, 141.00, -130.00, -162.00
58.00, -31.00, 5.00, 149.00, -138.00, -166.00
54.00, -28.00, 1.00, 153.00, -142.00, -167.00
51.00, -22.00, 3.00, 155.00, -143.00, -169.00
46.00, -22.00, 5.00, 157.00, -145.00, -169.00
39.00, -25.00, 2.00, 154.00, -143.00, -165.00
36.00, -29.00, 5.00, 149.00, -137.00, -157.00
27.00, -39.00, 4.00, 139.00, -128.00, -145.00
29.00, -41.00, 8.00, 129.00, -118.00, -134.00
26.00, -35.00, 9.00, 119.00, -110.00, -125.00
20.00, -36.00, 6.00, 112.00, -104.00, -116.00
13.00, -40.00, 5.00, 105.00, -100.00, -108.00
14.00, -38.00, 7.00, 101.00, -97.00, -103.00
15.00, -28.00, 5.00, 99.00, -95.00, -100.00
16.00, -34.00, 5.00, 92.00, -87.00, -92.00
8.00, -35.00, 0.00, 80.00, -77.00, -80.00
7.00, -23.00, 7.00, 72.00, -72.00, -73.00
5.00, -28.00, 10.00, 73.00, -74.00, -75.00
11.00, -13.00, 1.00, 78.00, -79.00, -81.00
8.00, -33.00, 6.00, 79.00, -78.00, -79.00
-0.00, -34.00, 9.00, 71.00, -71.00, -70.00
-0.00, -17.00, 4.00, 64.00, -65.00, -62.00
-0.00, -15.00, 3.00, 62.00, -61.00, -59.00
-33.00, 84.00, 26.00, 3.00, 8.00, 6.00
-22.00, 87.00, 29.00, 2.00, 4.00, -0.00
-33.00, 82.00, 37.00, 9.00, 15.00, -0.00
-50.00, 115.00, 69.00, 24.00, 26.00, 7.00
-51.00, 133.00, 91.00, 20.00, 15.00, -7.00
-38.00, 106.00, 82.00, 11.00, -22.00, -49.00
-32.00, 80.00, 72.00, 49.00, -60.00, -93.00
-41.00, 72.00, 80.00, 74.00, -84.00, -122.00
-35.00, 83.00, 90.00, 92.00, -107.00, -146.00
-16.00, 68.00, 93.00, 123.00, -143.00, -183.00
-2.00, 29.00, 78.00, 166.00, -189.00, -234.00
-3.00, -5.00, 70.00, 209.00, -234.00, -281.00
-2.00, -33.00, 67.00, 247.00, -274.00, -319.00
1.00, -50.00, 66.00, 280.00, -310.00, -351.00
6.00, -81.00, 67.00, 309.00, -341.00, -380.00
6.00, -81.00, 67.00, 330.00, -364.00, -400.00
11.00, -104.00, 55.00, 343.00, -379.00, -409.00
9.00, -110.00, 69.00, 355.00, -395.00, -419.00
27.00, -123.00, 52.00, 363.00, -409.00, -427.00
34.00, -153.00, 39.00, 364.00, -413.00, -428.00
40.00, -165.00, 29.00, 362.00, -411.00, -419.00
24.00, -168.00, 28.00, 359.00, -409.00, -407.00
39.00, -178.00, 7.00, 342.00, -393.00, -383.00
35.00, -194.00, 13.00, 307.00, -359.00, -342.00
52.00, -179.00, 13.00, 261.00, -312.00, -290.00
68.00, -154.00, 3.00, 223.00, -275.00, -244.00
69.00, -153.00, 13.00, 189.00, -243.00, -205.00
81.00, -159.00, 30.00, 152.00, -205.00, -158.00
88.00, -130.00, 31.00, 111.00, -163.00, -108.00
103.00, -122.00, 31.00, 70.00, -123.00, -62.00
118.00, -105.00, 52.00, 26.00, -76.00, -13.00
119.00, -88.00, 78.00, 29.00, -14.00, 53.00
120.00, -66.00, 71.00, 90.00, 51.00, 125.00
130.00, -43.00, 68.00, 151.00, 113.00, 193.00
140.00, -17.00, 86.00, 216.00, 183.00, 261.00
160.00, 5.00, 73.00, 287.00, 257.00, 333.00
157.00, 1.00, 54.00, 355.00, 325.00, 401.00
161.00, 50.00, 50.00, 404.00, 378.00, 453.00
170.00, 53.00, 54.00, 451.00, 431.00, 507.00
175.00, 55.00, 45.00, 510.00, 497.00, 574.00
180.00, 84.00, 41.00, 584.00, 574.00, 643.00
190.00, 116.00, 40.00, 655.00, 652.00, 706.00
178.00, 110.00, 13.00, 713.00, 716.00, 766.00
192.00, 121.00, 5.00, 765.00, 771.00, 818.00
217.00, 125.00, 2.00, 819.00, 828.00, 865.00
227.00, 117.00, 13.00, 869.00, 878.00, 903.00
223.00, 104.00, 30.00, 898.00, 906.00, 925.00
230.00, 129.00, 44.00, 899.00, 908.00, 924.00
223.00, 89.00, 22.00, 899.00, 911.00, 926.00
218.00, 82.00, 9.00, 914.00, 927.00, 934.00
217.00, 92.00, 10.00, 924.00, 940.00, 937.00
218.00, 95.00, 17.00, 923.00, 941.00, 933.00
221.00, 98.00, 16.00, 908.00, 934.00, 923.00
226.00, 93.00, 17.00, 901.00, 930.00, 918.00
225.00, 98.00, 14.00, 902.00, 936.00, 912.00
225.00, 107.00, 19.00, 898.00, 931.00, 901.00
236.00, 99.00, 26.00, 876.00, 908.00, 868.00
236.00, 89.00, 24.00, 833.00, 871.00, 829.00
234.00, 71.00, 17.00, 798.00, 844.00, 800.00
224.00, 70.00, 21.00, 787.00, 836.00, 788.00
218.00, 90.00, 43.00, 781.00, 828.00, 772.00
221.00, 114.00, 62.00, 750.00, 796.00, 736.00
211.00, 82.00, 52.00, 702.00, 749.00, 687.00
201.00, 66.00, 49.00, 666.00, 713.00, 647.00
194.00, 75.00, 67.00, 638.00, 683.00, 613.00
186.00, 92.00, 83.00, 598.00, 640.00, 565.00
176.00, 71.00, 77.00, 542.00, 580.00, 502.00
170.00, 56.00, 69.00, 485.00, 519.00, 441.00
167.00, 56.00, 69.00, 431.00, 463.00, 385.00
160.00, 45.00, 76.00, 377.00, 408.00, 330.00
147.00, 45.00, 62.00, 323.00, 354.00, 275.00
138.00, 33.00, 72.00, 269.00, 297.00, 218.00
131.00, 21.00, 65.00, 214.00, 240.00, 164.00
119.00, 3.00, 64.00, 163.00, 186.00, 114.00
112.00, 5.00, 60.00, 116.00, 137.00, 66.00
101.00, 1.00, 71.00, 67.00, 87.00, 19.00
87.00, -16.00, 54.00, 20.00, 37.00, -25.00
79.00, -26.00, 56.00, 20.00, -6.00, -62.00
72.00, -30.00, 55.00, 56.00, -43.00, -95.00
70.00, -24.00, 56.00, 88.00, -77.00, -126.00
62.00, -34.00, 46.00, 121.00, -111.00, -156.00
54.00, -37.00, 41.00, 151.00, -142.00, -182.00
53.00, -44.00, 39.00, 174.00, -167.00, -201.00
46.00, -62.00, 36.00, 190.00, -183.00, -213.00
44.00, -37.00, 34.00, 199.00, -191.00, -219.00
38.00, -48.00, 29.00, 206.00, -198.00, -225.00
23.00, -53.00, 29.00, 210.00, -203.00, -226.00
24.00, -53.00, 27.00, 213.00, -209.00, -226.00
20.00, -65.00, 27.00, 216.00, -215.00, -228.00
26.00, -57.00, 13.00, 218.00, -216.00, -228.00
12.00, -64.00, 7.00, 215.00, -214.00, -225.00
10.00, -57.00, 4.00, 206.00, -206.00, -214.00
3.00, -52.00, 11.00, 195.00, -196.00, -201.00
7.00, -36.00, 3.00, 188.00, -191.00, -193.00
2.00, -43.00, 8.00, 185.00, -188.00, -190.00
-4.00, -44.00, 16.00, 182.00, -185.00, -186.00
-2.00, -35.00, 10.00, 175.00, -179.00, -176.00
-4.00, -39.00, 13.00, 168.00, -169.00, -166.00
-2.00, -32.00, 13.00, 157.00, -158.00, -153.00
-3.00, -27.00, 18.00, 144.00, -144.00, -139.00
-43.00, 131.00, 33.00, 29.00, 38.00, 21.00
-41.00, 140.00, 71.00, 43.00, 49.00, 25.00
-29.00, 142.00, 90.00, 35.00, 36.00, 3.00
-29.00, 120.00, 95.00, 10.00, 9.00, -26.00
-18.00, 86.00, 94.00, 13.00, -19.00, -65.00
-15.00, 51.00, 98.00, 45.00, -54.00, -102.00
-8.00, 29.00, 105.00, 73.00, -88.00, -137.00
-3.00, 13.00, 104.00, 107.00, -127.00, -176.00
3.00, -19.00, 95.00, 144.00, -168.00, -219.00
-0.00, -30.00, 83.00, 181.00, -207.00, -255.00
3.00, -62.00, 67.00, 209.00, -237.00, -281.00
4.00, -90.00, 66.00, 223.00, -251.00, -291.00
3.00, -84.00, 71.00, 225.00, -256.00, -292.00
15.00, -89.00, 76.00, 235.00, -268.00, -297.00
27.00, -139.00, 59.00, 246.00, -281.00, -304.00
23.00, -168.00, 53.00, 242.00, -279.00, -298.00
35.00, -172.00, 47.00, 221.00, -264.00, -276.00
35.00, -174.00, 45.00, 197.00, -246.00, -251.00
54.00, -160.00, 49.00, 183.00, -236.00, -232.00
63.00, -176.00, 9.00, 178.00, -233.00, -222.00
62.00, -210.00, 24.00, 155.00, -212.00, -197.00
70.00, -166.00, 23.00, 106.00, -166.00, -145.00
69.00, -138.00, 11.00, 54.00, -114.00, -87.00
57.00, -100.00, 26.00, 19.00, -81.00, -44.00
73.00, -87.00, 69.00, 7.00, -55.00, -15.00
95.00, -83.00, 70.00, 45.00, -12.00, 28.00
79.00, -35.00, 52.00, 85.00, 35.00, 81.00
76.00, -22.00, 64.00, 115.00, 69.00, 125.00
100.00, -34.00, 88.00, 150.00, 114.00, 172.00
99.00, -41.00, 63.00, 220.00, 194.00, 249.00
98.00, -25.00, 9.00, 305.00, 286.00, 342.00
107.00, 10.00, 13.00, 378.00, 360.00, 423.00
150.00, 22.00, 21.00, 441.00, 425.00, 482.00
159.00, 13.00, 6.00, 503.00, 493.00, 544.00
138.00, 20.00, 36.00, 562.00, 554.00, 608.00
163.00, 47.00, 25.00, 605.00, 594.00, 655.00
208.00, 42.00, 1.00, 641.00, 631.00, 688.00
190.00, 36.00, 16.00, 688.00, 688.00, 736.00
174.00, 97.00, 42.00, 744.00, 750.00, 803.00
201.00, 128.00, 31.00, 794.00, 801.00, 853.00
221.00, 121.00, 20.00, 837.00, 848.00, 888.00
189.00, 109.00, 37.00, 881.00, 893.00, 921.00
185.00, 159.00, 43.00, 905.00, 915.00, 942.00
211.00, 151.00, 22.00, 900.00, 911.00, 933.00
227.00, 106.00, 29.00, 890.00, 907.00, 924.00
224.00, 112.00, 31.00, 901.00, 926.00, 938.00
221.00, 133.00, 52.00, 923.00, 951.00, 955.00
228.00, 151.00, 69.00, 920.00, 951.00, 951.00
229.00, 116.00, 52.00, 902.00, 937.00, 933.00
229.00, 105.00, 49.00, 902.00, 939.00, 927.00
228.00, 138.00, 86.00, 903.00, 941.00, 921.00
228.00, 140.00, 81.00, 879.00, 920.00, 902.00
224.00, 99.00, 61.00, 861.00, 907.00, 882.00
213.00, 106.00, 77.00, 870.00, 917.00, 877.00
199.00, 133.00, 103.00, 873.00, 915.00, 865.00
209.00, 149.00, 113.00, 837.00, 874.00, 822.00
210.00, 107.00, 89.00, 775.00, 814.00, 757.00
193.00, 71.00, 76.00, 728.00, 768.00, 703.00
195.00, 108.00, 97.00, 700.00, 737.00, 666.00
193.00, 112.00, 108.00, 656.00, 688.00, 616.00
192.00, 87.00, 94.00, 591.00, 621.00, 544.00
181.00, 68.00, 89.00, 523.00, 553.00, 471.00
169.00, 52.00, 89.00, 461.00, 489.00, 408.00
165.00, 54.00, 99.00, 407.00, 432.00, 352.00
161.00, 52.00, 99.00, 347.00, 370.00, 292.00
161.00, 52.00, 99.00, 282.00, 304.00, 225.00
152.00, 43.00, 93.00, 214.00, 234.00, 157.00
134.00, 18.00, 94.00, 151.00, 168.00, 95.00
126.00, 8.00, 80.00, 95.00, 108.00, 40.00
119.00, -0.00, 78.00, 44.00, 56.00, -8.00
107.00, -5.00, 91.00, 8.00, 4.00, -56.00
105.00, -0.00, 76.00, 58.00, -45.00, -103.00
90.00, -12.00, 71.00, 102.00, -92.00, -146.00
76.00, -19.00, 63.00, 143.00, -137.00, -183.00
73.00, -14.00, 63.00, 184.00, -177.00, -220.00
65.00, -41.00, 61.00, 216.00, -208.00, -248.00
59.00, -17.00, 49.00, 245.00, -238.00, -274.00
56.00, -37.00, 37.00, 264.00, -256.00, -290.00
46.00, -48.00, 32.00, 271.00, -263.00, -289.00
42.00, -54.00, 37.00, 269.00, -262.00, -285.00
33.00, -43.00, 38.00, 269.00, -261.00, -282.00
28.00, -32.00, 27.00, 275.00, -269.00, -285.00
33.00, -53.00, 16.00, 275.00, -267.00, -281.00
31.00, -62.00, 7.00, 262.00, -253.00, -263.00
18.00, -58.00, 17.00, 244.00, -236.00, -242.00
24.00, -45.00, 19.00, 229.00, -222.00, -227.00
18.00, -41.00, 16.00, 219.00, -214.00, -218.00
21.00, -48.00, 3.00, 208.00, -204.00, -207.00
19.00, -49.00, 1.00, 193.00, -190.00, -190.00
12.00, -41.00, 13.00, 178.00, -176.00, -173.00
14.00, -38.00, 3.00, 161.00, -160.00, -159.00
17.00, -22.00, 1.00, 148.00, -147.00, -146.00
14.00, -18.00, 1.00, 136.00, -137.00, -136.00
5.00, -27.00, 6.00, 125.00, -126.00, -124.00
3.00, -22.00, 6.00, 111.00, -113.00, -111.00
8.00, -13.00, 6.00, 101.00, -102.00, -100.00
3.00, -8.00, 9.00, 93.00, -94.00, -92.00
7.00, -23.00, 11.00, 82.00, -81.00, -79.00
6.00, -22.00, 7.00, 65.00, -65.00, -61.00
-0.00, -7.00, 6.00, 52.00, -53.00, -49.00
-15.00, 41.00, 13.00, 10.00, 9.00, 6.00
-15.00, 54.00, 25.00, 3.00, 3.00, -1.00
-17.00, 67.00, 32.00, 7.00, -8.00, -11.00
-17.00, 75.00, 30.00, 14.00, -14.00, -21.00
-31.00, 77.00, 40.00, 10.00, -11.00, -24.00
-26.00, 95.00, 58.00, 6.00, -10.00, -26.00
-25.00, 85.00, 67.00, 19.00, -27.00, -46.00
-13.00, 51.00, 63.00, 48.00, -58.00, -80.00
-17.00, 28.00, 59.00, 78.00, -86.00, -112.00
-26.00, 19.00, 64.00, 96.00, -106.00, -132.00
-19.00, 25.00, 74.00, 107.00, -121.00, -147.00
-11.00, 10.00, 84.00, 127.00, -146.00, -172.00
-4.00, -12.00, 65.00, 158.00, -181.00, -209.00
8.00, -45.00, 57.00, 191.00, -215.00, -243.00
8.00, -45.00, 57.00, 210.00, -236.00, -264.00
4.00, -73.00, 64.00, 221.00, -249.00, -274.00
4.00, -73.00, 64.00, 231.00, -265.00, -286.00
18.00, -92.00, 64.00, 246.00, -285.00, -302.00
23.00, -108.00, 52.00, 262.00, -303.00, -318.00
31.00, -134.00, 21.00, 269.00, -311.00, -320.00
46.00, -147.00, 22.00, 266.00, -308.00, -309.00
53.00, -152.00, 21.00, 256.00, -298.00, -291.00
48.00, -161.00, 14.00, 240.00, -285.00, -268.00
46.00, -160.00, 1.00, 220.00, -266.00, -242.00
60.00, -140.00, 4.00, 194.00, -241.00, -211.00
72.00, -140.00, 18.00, 162.00, -208.00, -172.00
62.00, -120.00, 36.00, 127.00, -173.00, -126.00
66.00, -95.00, 44.00, 89.00, -135.00, -82.00
102.00, -84.00, 56.00, 43.00, -81.00, -30.00
116.00, -71.00, 64.00, 18.00, -15.00, 37.00
116.00, -68.00, 56.00, 88.00, 58.00, 115.00
102.00, -43.00, 47.00, 156.00, 126.00, 189.00
124.00, -12.00, 52.00, 220.00, 194.00, 254.00
146.00, -8.00, 64.00, 285.00, 264.00, 321.00
160.00, -12.00, 72.00, 359.00, 344.00, 398.00
139.00, 26.00, 44.00, 427.00, 414.00, 473.00
162.00, 56.00, 42.00, 484.00, 475.00, 528.00
184.00, 47.00, 46.00, 537.00, 534.00, 580.00
171.00, 43.00, 30.00, 586.00, 588.00, 635.00
179.00, 59.00, 38.00, 636.00, 642.00, 688.00
195.00, 66.00, 35.00, 692.00, 705.00, 745.00
182.00, 80.00, 21.00, 752.00, 771.00, 807.00
192.00, 123.00, 3.00, 803.00, 824.00, 851.00
198.00, 121.00, 10.00, 835.00, 858.00, 879.00
187.00, 148.00, 23.00, 850.00, 876.00, 895.00
192.00, 139.00, 17.00, 872.00, 902.00, 912.00
191.00, 141.00, 15.00, 900.00, 931.00, 928.00
185.00, 185.00, 64.00, 893.00, 926.00, 918.00
191.00, 190.00, 78.00, 865.00, 899.00, 888.00
187.00, 145.00, 61.00, 854.00, 885.00, 861.00
179.00, 152.00, 72.00, 840.00, 866.00, 829.00
183.00, 196.00, 118.00, 779.00, 805.00, 766.00
180.00, 156.00, 96.00, 712.00, 740.00, 695.00
170.00, 91.00, 74.00, 671.00, 697.00, 643.00
172.00, 116.00, 98.00, 624.00, 647.00, 589.00
177.00, 140.00, 120.00, 546.00, 571.00, 512.00
171.00, 83.00, 92.00, 475.00, 501.00, 441.00
157.00, 46.00, 77.00, 432.00, 455.00, 391.00
148.00, 75.00, 88.00, 385.00, 403.00, 335.00
154.00, 86.00, 99.00, 306.00, 322.00, 256.00
150.00, 44.00, 79.00, 222.00, 240.00, 177.00
139.00, 8.00, 59.00, 163.00, 182.00, 121.00
129.00, 27.00, 67.00, 119.00, 137.00, 78.00
123.00, 49.00, 78.00, 74.00, 91.00, 32.00
124.00, 31.00, 70.00, 16.00, 28.00, -29.00
115.00, -4.00, 55.00, 41.00, -26.00, -81.00
105.00, 4.00, 60.00, 77.00, -62.00, -115.00
100.00, 12.00, 66.00, 111.00, -99.00, -150.00
100.00, -2.00, 61.00, 156.00, -145.00, -193.00
83.00, -30.00, 46.00, 198.00, -190.00, -234.00
78.00, -39.00, 38.00, 232.00, -224.00, -266.00
75.00, -33.00, 36.00, 259.00, -251.00, -288.00
67.00, -31.00, 36.00, 283.00, -276.00, -310.00
64.00, -41.00, 14.00, 312.00, -305.00, -334.00
61.00, -61.00, 5.00, 330.00, -322.00, -349.00
54.00, -66.00, 8.00, 334.00, -324.00, -348.00
45.00, -61.00, 4.00, 327.00, -315.00, -336.00
45.00, -64.00, 14.00, 316.00, -305.00, -321.00
39.00, -71.00, 12.00, 304.00, -292.00, -304.00
42.00, -62.00, 22.00, 288.00, -275.00, -284.00
37.00, -64.00, 18.00, 264.00, -251.00, -259.00
24.00, -54.00, 10.00, 238.00, -224.00, -229.00
19.00, -44.00, 12.00, 213.00, -201.00, -201.00
26.00, -38.00, 9.00, 191.00, -180.00, -178.00
25.00, -37.00, 4.00, 170.00, -159.00, -158.00
18.00, -35.00, 2.00, 149.00, -138.00, -137.00
12.00, -27.00, 3.00, 126.00, -118.00, -115.00
14.00, -16.00, 0.00, 106.00, -99.00, -95.00
15.00, -13.00, 5.00, 89.00, -82.00, -79.00
12.00, -16.00, 1.00, 72.00, -66.00, -64.00
10.00, -10.00, 2.00, 53.00, -49.00, -47.00
2.00, -3.00, 6.00, 37.00, -34.00, -32.00
10.00, 2.00, 7.00, 26.00, -24.00, -22.00
11.00, -1.00, 1.00, 19.00, -17.00, -17.00
6.00, -6.00, 2.00, 13.00, -11.00, -11.00
8.00, 1.00, 2.00, 4.00, -3.00, -2.00
9.00, 8.00, 4.00, 6.00, 5.00, 5.00
10.00, 13.00, 1.00, 11.00, 10.00, 9.00
6.00, 3.00, 3.00, 9.00, 9.00, 8.00
1.00, -1.00, 8.00, 9.00, 9.00, 8.00
-2.00, 6.00, 20.00, 14.00, -11.00, -8.00
-12.00, 10.00, 24.00, 12.00, -8.00, -4.00
-16.00, 36.00, 23.00, 7.00, -2.00, 3.00
-14.00, 70.00, 14.00, 2.00, 3.00, 5.00
-19.00, 76.00, 9.00, 1.00, 6.00, 4.00
-26.00, 93.00, 1.00, 1.00, 7.00, 4.00
-26.00, 116.00, 22.00, 2.00, 9.00, 0.00
-23.00, 127.00, 37.00, 4.00, 2.00, -15.00
-21.00, 120.00, 54.00, 17.00, -12.00, -33.00
-22.00, 116.00, 68.00, 27.00, -26.00, -57.00
-16.00, 110.00, 80.00, 51.00, -54.00, -88.00
-12.00, 92.00, 86.00, 84.00, -91.00, -130.00
-5.00, 64.00, 91.00, 125.00, -136.00, -179.00
1.00, 42.00, 88.00, 168.00, -182.00, -226.00
2.00, 13.00, 95.00, 205.00, -223.00, -268.00
1.00, 2.00, 94.00, 240.00, -262.00, -305.00
4.00, -16.00, 92.00, 276.00, -302.00, -344.00
16.00, -38.00, 81.00, 314.00, -345.00, -385.00
19.00, -72.00, 65.00, 351.00, -384.00, -423.00
20.00, -87.00, 54.00, 378.00, -413.00, -450.00
16.00, -106.00, 43.00, 399.00, -437.00, -468.00
20.00, -130.00, 30.00, 414.00, -455.00, -482.00
20.00, -158.00, 17.00, 427.00, -470.00, -490.00
29.00, -188.00, 2.00, 428.00, -470.00, -485.00
22.00, -198.00, 1.00, 408.00, -450.00, -455.00
16.00, -173.00, 0.00, 370.00, -413.00, -407.00
33.00, -162.00, 5.00, 326.00, -373.00, -359.00
47.00, -163.00, 11.00, 285.00, -335.00, -320.00
44.00, -159.00, 14.00, 249.00, -300.00, -280.00
51.00, -130.00, 33.00, 220.00, -274.00, -243.00
73.00, -143.00, 51.00, 196.00, -252.00, -214.00
85.00, -159.00, 64.00, 160.00, -214.00, -175.00
74.00, -123.00, 55.00, 106.00, -157.00, -113.00
83.00, -69.00, 42.00, 52.00, -102.00, -47.00
104.00, -67.00, 71.00, 15.00, -63.00, 1.00
119.00, -83.00, 79.00, 22.00, -20.00, 43.00
132.00, -81.00, 78.00, 83.00, 48.00, 112.00
118.00, -22.00, 65.00, 163.00, 135.00, 205.00
147.00, 31.00, 64.00, 235.00, 210.00, 286.00
181.00, 13.00, 68.00, 292.00, 269.00, 342.00
177.00, -22.00, 46.00, 349.00, 331.00, 395.00
168.00, 36.00, 45.00, 415.00, 400.00, 465.00
184.00, 54.00, 42.00, 474.00, 461.00, 525.00
204.00, 29.00, 50.00, 523.00, 515.00, 577.00
212.00, 33.00, 43.00, 583.00, 582.00, 638.00
208.00, 96.00, 3.00, 653.00, 657.00, 709.00
209.00, 89.00, 17.00, 713.00, 720.00, 769.00
219.00, 99.00, 17.00, 764.00, 776.00, 818.00
225.00, 89.00, 4.00, 812.00, 827.00, 862.00
225.00, 94.00, 12.00, 856.00, 875.00, 906.00
227.00, 122.00, 8.00, 897.00, 920.00, 945.00
228.00, 126.00, 7.00, 927.00, 954.00, 974.00
228.00, 126.00, 7.00, 954.00, 985.00, 995.00
232.00, 132.00, 33.00, 977.00, 1010.00, 1012.00
232.00, 132.00, 33.00, 990.00, 1027.00, 1023.00
228.00, 127.00, 36.00, 1000.00, 1039.00, 1028.00
232.00, 142.00, 57.00, 1000.00, 1039.00, 1021.00
225.00, 138.00, 45.00, 993.00, 1032.00, 1004.00
215.00, 126.00, 50.00, 975.00, 1013.00, 976.00
220.00, 138.00, 64.00, 936.00, 974.00, 934.00
208.00, 114.00, 56.00, 896.00, 933.00, 887.00
211.00, 84.00, 43.00, 864.00, 901.00, 846.00
213.00, 96.00, 60.00, 825.00, 863.00, 805.00
198.00, 116.00, 83.00, 770.00, 807.00, 748.00
191.00, 97.00, 69.00, 713.00, 749.00, 685.00
187.00, 81.00, 67.00, 659.00, 693.00, 625.00
190.00, 81.00, 79.00, 604.00, 638.00, 567.00
187.00, 83.00, 90.00, 546.00, 579.00, 505.00
172.00, 55.00, 85.00, 493.00, 521.00, 443.00
160.00, 47.00, 80.00, 438.00, 460.00, 381.00
156.00, 50.00, 85.00, 371.00, 388.00, 309.00
154.00, 33.00, 80.00, 298.00, 314.00, 234.00
144.00, 22.00, 68.00, 229.00, 243.00, 165.00
133.00, 12.00, 61.00, 165.00, 177.00, 103.00
125.00, 13.00, 59.00, 105.00, 115.00, 44.00
115.00, 1.00, 52.00, 48.00, 56.00, -11.00
106.00, -7.00, 61.00, 10.00, -3.00, -66.00
101.00, 2.00, 55.00, 67.00, -60.00, -121.00
84.00, -14.00, 44.00, 116.00, -110.00, -166.00
80.00, -21.00, 38.00, 157.00, -151.00, -203.00
67.00, -26.00, 39.00, 191.00, -185.00, -233.00
63.00, -29.00, 36.00, 220.00, -214.00, -259.00
58.00, -31.00, 32.00, 240.00, -234.00, -278.00
48.00, -43.00, 25.00, 255.00, -248.00, -289.00
43.00, -39.00, 25.00, 264.00, -258.00, -295.00
38.00, -44.00, 25.00, 272.00, -268.00, -300.00
30.00, -53.00, 34.00, 279.00, -275.00, -303.00
22.00, -63.00, 25.00, 281.00, -278.00, -303.00
22.00, -51.00, 25.00, 281.00, -279.00, -300.00
19.00, -57.00, 25.00, 280.00, -278.00, -296.00
10.00, -66.00, 26.00, 273.00, -273.00, -287.00
4.00, -61.00, 20.00, 266.00, -267.00, -277.00
2.00, -45.00, 25.00, 264.00, -268.00, -274.00
3.00, -50.00, 13.00, 266.00, -269.00, -274.00
7.00, -63.00, 1.00, 260.00, -262.00, -267.00
-2.00, -69.00, 15.00, 243.00, -243.00, -247.00
-8.00, -52.00, 5.00, 222.00, -221.00, -221.00
-15.00, -44.00, 2.00, 204.00, -203.00, -200.00
-11.00, -45.00, 6.00, 185.00, -185.00, -181.00
-10.00, -54.00, 14.00, 160.00, -159.00, -157.00
