-14.00, 27.00, 5.00, 32.00, -35.00, -30.00
-8.00, 9.00, 5.00, 66.00, -71.00, -64.00
-5.00, 11.00, 17.00, 109.00, -115.00, -106.00
-4.00, 28.00, 12.00, 153.00, -158.00, -148.00
-1.00, 29.00, 15.00, 206.00, -211.00, -198.00
-5.00, 4.00, 26.00, 273.00, -276.00, -261.00
-1.00, -21.00, 50.00, 347.00, -349.00, -332.00
-2.00, -17.00, 66.00, 417.00, -419.00, -399.00
-2.00, -17.00, 74.00, 483.00, -484.00, -461.00
-1.00, -31.00, 94.00, 546.00, -545.00, -521.00
7.00, -47.00, 111.00, 607.00, -606.00, -581.00
6.00, -52.00, 117.00, 658.00, -654.00, -629.00
11.00, -51.00, 122.00, 700.00, -694.00, -666.00
19.00, -69.00, 140.00, 733.00, -724.00, -695.00
21.00, -68.00, 149.00, 760.00, -750.00, -720.00
19.00, -91.00, 158.00, 785.00, -771.00, -741.00
20.00, -108.00, 164.00, 805.00, -790.00, -759.00
16.00, -115.00, 175.00, 814.00, -798.00, -768.00
19.00, -103.00, 175.00, 818.00, -801.00, -772.00
30.00, -121.00, 192.00, 816.00, -797.00, -768.00
26.00, -137.00, 199.00, 816.00, -797.00, -768.00
23.00, -152.00, 204.00, 809.00, -789.00, -765.00
14.00, -153.00, 191.00, 796.00, -774.00, -748.00
29.00, -150.00, 206.00, 775.00, -754.00, -727.00
22.00, -156.00, 208.00, 750.00, -729.00, -707.00
19.00, -152.00, 204.00, 730.00, -711.00, -691.00
19.00, -152.00, 204.00, 713.00, -695.00, -675.00
24.00, -176.00, 205.00, 697.00, -681.00, -664.00
31.00, -182.00, 216.00, 683.00, -671.00, -655.00
33.00, -173.00, 212.00, 672.00, -660.00, -646.00
33.00, -179.00, 209.00, 668.00, -658.00, -644.00
33.00, -191.00, 207.00, 669.00, -660.00, -648.00
37.00, -197.00, 208.00, 675.00, -668.00, -656.00
43.00, -215.00, 215.00, 686.00, -681.00, -670.00
45.00, -214.00, 213.00, 700.00, -695.00, -684.00
49.00, -220.00, 215.00, 714.00, -709.00, -697.00
52.00, -231.00, 211.00, 727.00, -722.00, -708.00
56.00, -238.00, 217.00, 737.00, -730.00, -715.00
56.00, -253.00, 224.00, 740.00, -731.00, -716.00
53.00, -245.00, 216.00, 735.00, -723.00, -706.00
53.00, -259.00, 217.00, 723.00, -709.00, -690.00
53.00, -273.00, 206.00, 703.00, -688.00, -669.00
58.00, -264.00, 207.00, 679.00, -664.00, -643.00
58.00, -266.00, 211.00, 650.00, -635.00, -615.00
53.00, -260.00, 199.00, 621.00, -607.00, -587.00
64.00, -287.00, 212.00, 590.00, -578.00, -557.00
60.00, -290.00, 208.00, 564.00, -552.00, -531.00
64.00, -284.00, 203.00, 531.00, -519.00, -498.00
63.00, -279.00, 200.00, 495.00, -483.00, -462.00
65.00, -286.00, 201.00, 463.00, -452.00, -431.00
69.00, -294.00, 203.00, 432.00, -423.00, -404.00
77.00, -292.00, 200.00, 405.00, -399.00, -381.00
77.00, -302.00, 212.00, 387.00, -382.00, -366.00
80.00, -298.00, 203.00, 370.00, -367.00, -353.00
84.00, -299.00, 203.00, 355.00, -352.00, -339.00
88.00, -312.00, 206.00, 343.00, -340.00, -327.00
86.00, -300.00, 203.00, 331.00, -328.00, -315.00
88.00, -303.00, 202.00, 314.00, -310.00, -299.00
88.00, -314.00, 204.00, 303.00, -299.00, -287.00
88.00, -303.00, 202.00, 289.00, -285.00, -274.00
90.00, -312.00, 205.00, 271.00, -265.00, -254.00
86.00, -316.00, 204.00, 256.00, -250.00, -237.00
86.00, -304.00, 193.00, 234.00, -228.00, -217.00
86.00, -323.00, 200.00, 213.00, -206.00, -195.00
88.00, -305.00, 199.00, 195.00, -189.00, -178.00
87.00, -303.00, 196.00, 173.00, -167.00, -157.00
84.00, -314.00, 197.00, 156.00, -151.00, -141.00
79.00, -316.00, 192.00, 142.00, -138.00, -129.00
87.00, -315.00, 191.00, 126.00, -123.00, -113.00
89.00, -318.00, 193.00, 116.00, -114.00, -105.00
84.00, -321.00, 192.00, 108.00, -108.00, -98.00
87.00, -316.00, 186.00, 98.00, -98.00, -88.00
91.00, -327.00, 198.00, 90.00, -90.00, -79.00
89.00, -317.00, 194.00, 84.00, -85.00, -74.00
90.00, -326.00, 191.00, 71.00, -73.00, -61.00
91.00, -323.00, 196.00, 62.00, -64.00, -52.00
89.00, -327.00, 197.00, 53.00, -55.00, -44.00
92.00, -307.00, 190.00, 42.00, -44.00, -34.00
93.00, -328.00, 199.00, 33.00, -34.00, -24.00
93.00, -318.00, 194.00, 27.00, -29.00, -19.00
93.00, -325.00, 194.00, 17.00, -19.00, -10.00
91.00, -311.00, 187.00, 8.00, -10.00, -2.00
92.00, -319.00, 193.00, 0.00, -1.00, 5.00
90.00, -318.00, 190.00, 3.00, 2.00, 8.00
90.00, -319.00, 193.00, 7.00, 6.00, 11.00
86.00, -319.00, 189.00, 12.00, 11.00, 15.00
87.00, -318.00, 190.00, 17.00, 15.00, 19.00
89.00, -322.00, 194.00, 17.00, 16.00, 20.00
85.00, -324.00, 196.00, 18.00, 16.00, 20.00
82.00, -319.00, 191.00, 20.00, 19.00, 23.00
79.00, -322.00, 194.00, 24.00, 23.00, 28.00
78.00, -323.00, 195.00, 27.00, 26.00, 30.00
80.00, -323.00, 192.00, 30.00, 29.00, 33.00
79.00, -308.00, 194.00, 36.00, 34.00, 39.00
77.00, -319.00, 198.00, 41.00, 39.00, 45.00
77.00, -307.00, 193.00, 47.00, 45.00, 51.00
78.00, -308.00, 189.00, 56.00, 55.00, 60.00
80.00, -306.00, 190.00, 66.00, 63.00, 68.00
85.00, -311.00, 195.00, 69.00, 65.00, 70.00
89.00, -316.00, 198.00, 67.00, 63.00, 65.00
2.00, -38.00, 48.00, 63.00, 59.00, 60.00
-7.00, -0.00, 29.00, 82.00, 88.00, 81.00
-16.00, 33.00, 25.00, 181.00, 188.00, 177.00
-13.00, 32.00, 27.00, 291.00, 298.00, 283.00
-11.00, 52.00, 20.00, 405.00, 410.00, 388.00
-14.00, 80.00, 14.00, 523.00, 525.00, 499.00
-19.00, 115.00, 5.00, 645.00, 647.00, 615.00
-42.00, 208.00, 52.00, 767.00, 766.00, 727.00
-32.00, 193.00, 27.00, 874.00, 870.00, 827.00
-40.00, 215.00, 35.00, 952.00, 942.00, 893.00
-35.00, 244.00, 43.00, 989.00, 973.00, 924.00
-42.00, 235.00, 41.00, 1003.00, 985.00, 935.00
-41.00, 224.00, 38.00, 986.00, 967.00, 918.00
-47.00, 224.00, 45.00, 956.00, 935.00, 886.00
-47.00, 252.00, 56.00, 929.00, 907.00, 856.00
-54.00, 257.00, 72.00, 907.00, 885.00, 836.00
-54.00, 259.00, 65.00, 885.00, 864.00, 817.00
-53.00, 264.00, 69.00, 857.00, 837.00, 790.00
-55.00, 265.00, 76.00, 828.00, 808.00, 762.00
-61.00, 276.00, 87.00, 799.00, 779.00, 734.00
-68.00, 280.00, 105.00, 773.00, 754.00, 711.00
-66.00, 295.00, 104.00, 751.00, 733.00, 692.00
-61.00, 291.00, 96.00, 731.00, 713.00, 673.00
-67.00, 286.00, 105.00, 705.00, 689.00, 650.00
-64.00, 298.00, 123.00, 680.00, 666.00, 628.00
-72.00, 306.00, 137.00, 660.00, 647.00, 609.00
-70.00, 305.00, 139.00, 647.00, 636.00, 598.00
-68.00, 301.00, 142.00, 638.00, 627.00, 590.00
-72.00, 303.00, 154.00, 627.00, 616.00, 580.00
-81.00, 311.00, 166.00, 616.00, 605.00, 570.00
-78.00, 317.00, 175.00, 606.00, 596.00, 561.00
-75.00, 311.00, 176.00, 596.00, 586.00, 552.00
-82.00, 312.00, 185.00, 589.00, 577.00, 544.00
-82.00, 313.00, 189.00, 578.00, 566.00, 534.00
-81.00, 315.00, 199.00, 571.00, 560.00, 528.00
-80.00, 332.00, 217.00, 566.00, 556.00, 524.00
-82.00, 318.00, 219.00, 564.00, 555.00, 522.00
-88.00, 313.00, 230.00, 564.00, 555.00, 522.00
-97.00, 314.00, 243.00, 563.00, 554.00, 520.00
-97.00, 314.00, 243.00, 562.00, 554.00, 517.00
-94.00, 322.00, 262.00, 565.00, 557.00, 519.00
-93.00, 312.00, 273.00, 566.00, 559.00, 522.00
-93.00, 312.00, 273.00, 564.00, 557.00, 521.00
-101.00, 307.00, 285.00, 556.00, 549.00, 513.00
-99.00, 307.00, 289.00, 550.00, 543.00, 506.00
-95.00, 306.00, 294.00, 541.00, 533.00, 498.00
-92.00, 303.00, 298.00, 529.00, 519.00, 486.00
-101.00, 294.00, 309.00, 515.00, 504.00, 471.00
-105.00, 293.00, 321.00, 504.00, 494.00, 461.00
-102.00, 296.00, 325.00, 497.00, 488.00, 454.00
-103.00, 295.00, 328.00, 492.00, 482.00, 448.00
-100.00, 289.00, 334.00, 479.00, 470.00, 436.00
-102.00, 268.00, 335.00, 462.00, 453.00, 420.00
-111.00, 276.00, 352.00, 443.00, 435.00, 402.00
-108.00, 283.00, 360.00, 432.00, 424.00, 391.00
-106.00, 270.00, 358.00, 423.00, 413.00, 381.00
-103.00, 257.00, 352.00, 408.00, 396.00, 367.00
-107.00, 262.00, 363.00, 390.00, 379.00, 350.00
-115.00, 264.00, 376.00, 380.00, 369.00, 340.00
-116.00, 263.00, 376.00, 374.00, 363.00, 334.00
-114.00, 240.00, 367.00, 362.00, 351.00, 322.00
-112.00, 232.00, 365.00, 340.00, 329.00, 304.00
-115.00, 234.00, 374.00, 320.00, 311.00, 287.00
-113.00, 243.00, 384.00, 312.00, 303.00, 281.00
-114.00, 241.00, 394.00, 312.00, 303.00, 283.00
-115.00, 224.00, 393.00, 311.00, 302.00, 283.00
-111.00, 223.00, 390.00, 303.00, 296.00, 277.00
-109.00, 225.00, 390.00, 292.00, 286.00, 268.00
-110.00, 225.00, 392.00, 284.00, 277.00, 262.00
-106.00, 223.00, 402.00, 278.00, 271.00, 257.00
-110.00, 209.00, 397.00, 269.00, 263.00, 250.00
-111.00, 207.00, 395.00, 254.00, 250.00, 237.00
-115.00, 218.00, 399.00, 238.00, 235.00, 223.00
-107.00, 209.00, 398.00, 231.00, 228.00, 217.00
-105.00, 200.00, 405.00, 230.00, 227.00, 216.00
-114.00, 209.00, 418.00, 233.00, 231.00, 218.00
-108.00, 206.00, 418.00, 238.00, 237.00, 222.00
-109.00, 198.00, 419.00, 239.00, 237.00, 222.00
-106.00, 186.00, 418.00, 233.00, 231.00, 217.00
-105.00, 194.00, 421.00, 226.00, 223.00, 211.00
-109.00, 191.00, 421.00, 215.00, 212.00, 202.00
-104.00, 189.00, 415.00, 203.00, 199.00, 191.00
-106.00, 200.00, 418.00, 186.00, 183.00, 176.00
-102.00, 192.00, 416.00, 172.00, 169.00, 162.00
-104.00, 181.00, 418.00, 161.00, 158.00, 150.00
-108.00, 189.00, 429.00, 147.00, 146.00, 137.00
-102.00, 178.00, 413.00, 134.00, 135.00, 126.00
-100.00, 191.00, 422.00, 120.00, 121.00, 115.00
-104.00, 198.00, 429.00, 106.00, 106.00, 102.00
-101.00, 188.00, 425.00, 99.00, 99.00, 95.00
-102.00, 188.00, 420.00, 89.00, 87.00, 83.00
-101.00, 186.00, 423.00, 72.00, 70.00, 67.00
-103.00, 188.00, 424.00, 56.00, 54.00, 51.00
-104.00, 189.00, 422.00, 43.00, 40.00, 38.00
-101.00, 186.00, 414.00, 32.00, 29.00, 28.00
-102.00, 186.00, 411.00, 21.00, 19.00, 18.00
-101.00, 182.00, 418.00, 10.00, 9.00, 9.00
-101.00, 190.00, 425.00, 4.00, 3.00, 2.00
-102.00, 187.00, 418.00, 1.00, 1.00, -0.00
-100.00, 184.00, 415.00, 1.00, 1.00, -1.00
-4.00, 42.00, 21.00, 2.00, -3.00, -5.00
5.00, 22.00, 9.00, 4.00, -5.00, -6.00
-5.00, 41.00, 8.00, 45.00, -44.00, -45.00
-9.00, 59.00, 9.00, 95.00, -93.00, -94.00
-3.00, 46.00, 2.00, 143.00, -138.00, -138.00
-2.00, 46.00, 23.00, 192.00, -185.00, -183.00
-9.00, 64.00, 32.00, 257.00, -248.00, -244.00
-9.00, 78.00, 28.00, 327.00, -315.00, -310.00
-17.00, 89.00, 32.00, 389.00, -375.00, -368.00
-7.00, 121.00, 35.00, 448.00, -432.00, -420.00
6.00, 118.00, 66.00, 507.00, -491.00, -474.00
-6.00, 94.00, 89.00, 575.00, -561.00, -538.00
-1.00, 97.00, 122.00, 663.00, -649.00, -620.00
-13.00, 114.00, 131.00, 758.00, -743.00, -713.00
-15.00, 138.00, 138.00, 845.00, -829.00, -795.00
-1.00, 123.00, 168.00, 909.00, -889.00, -854.00
-9.00, 93.00, 215.00, 958.00, -937.00, -896.00
-8.00, 100.00, 231.00, 1009.00, -985.00, -940.00
-3.00, 119.00, 246.00, 1064.00, -1036.00, -990.00
-1.00, 132.00, 245.00, 1092.00, -1064.00, -1020.00
-6.00, 96.00, 278.00, 1097.00, -1069.00, -1024.00
-6.00, 94.00, 288.00, 1093.00, -1063.00, -1017.00
-3.00, 102.00, 294.00, 1091.00, -1059.00, -1013.00
-6.00, 105.00, 291.00, 1078.00, -1046.00, -1002.00
-5.00, 117.00, 297.00, 1052.00, -1020.00, -976.00
2.00, 91.00, 330.00, 1021.00, -991.00, -946.00
3.00, 75.00, 348.00, 987.00, -959.00, -915.00
2.00, 71.00, 357.00, 970.00, -944.00, -900.00
2.00, 82.00, 352.00, 962.00, -938.00, -895.00
1.00, 69.00, 353.00, 946.00, -923.00, -883.00
-0.00, 67.00, 360.00, 926.00, -901.00, -861.00
5.00, 43.00, 379.00, 899.00, -872.00, -829.00
11.00, 29.00, 398.00, 872.00, -848.00, -806.00
15.00, 15.00, 408.00, 853.00, -833.00, -795.00
16.00, 23.00, 406.00, 838.00, -824.00, -788.00
14.00, 36.00, 398.00, 828.00, -813.00, -778.00
10.00, 45.00, 382.00, 795.00, -779.00, -743.00
13.00, 32.00, 392.00, 755.00, -736.00, -701.00
20.00, 16.00, 409.00, 707.00, -688.00, -654.00
25.00, -9.00, 423.00, 667.00, -652.00, -620.00
28.00, -12.00, 431.00, 648.00, -640.00, -610.00
27.00, -0.00, 423.00, 648.00, -643.00, -615.00
30.00, 1.00, 416.00, 652.00, -648.00, -619.00
36.00, -13.00, 424.00, 647.00, -642.00, -614.00
43.00, -32.00, 436.00, 637.00, -630.00, -601.00
48.00, -42.00, 450.00, 629.00, -622.00, -594.00
47.00, -57.00, 456.00, 631.00, -626.00, -599.00
46.00, -54.00, 440.00, 641.00, -637.00, -611.00
49.00, -60.00, 440.00, 654.00, -647.00, -621.00
50.00, -66.00, 440.00, 658.00, -648.00, -622.00
48.00, -76.00, 435.00, 649.00, -636.00, -612.00
51.00, -68.00, 426.00, 638.00, -625.00, -600.00
58.00, -79.00, 435.00, 631.00, -617.00, -593.00
60.00, -103.00, 444.00, 624.00, -610.00, -587.00
63.00, -129.00, 443.00, 619.00, -606.00, -584.00
65.00, -128.00, 442.00, 628.00, -618.00, -596.00
62.00, -124.00, 431.00, 646.00, -635.00, -615.00
62.00, -124.00, 431.00, 663.00, -651.00, -631.00
68.00, -160.00, 426.00, 673.00, -656.00, -638.00
68.00, -160.00, 426.00, 675.00, -656.00, -637.00
65.00, -169.00, 429.00, 678.00, -660.00, -641.00
67.00, -187.00, 439.00, 685.00, -668.00, -650.00
64.00, -182.00, 426.00, 691.00, -672.00, -653.00
65.00, -194.00, 428.00, 686.00, -666.00, -648.00
61.00, -180.00, 412.00, 672.00, -651.00, -632.00
64.00, -189.00, 411.00, 649.00, -627.00, -607.00
68.00, -196.00, 408.00, 616.00, -595.00, -574.00
64.00, -196.00, 405.00, 583.00, -565.00, -544.00
65.00, -201.00, 403.00, 556.00, -541.00, -520.00
71.00, -182.00, 399.00, 533.00, -519.00, -499.00
76.00, -219.00, 399.00, 514.00, -503.00, -481.00
82.00, -244.00, 412.00, 494.00, -486.00, -464.00
87.00, -217.00, 412.00, 485.00, -480.00, -457.00
85.00, -225.00, 418.00, 481.00, -479.00, -455.00
78.00, -212.00, 389.00, 467.00, -461.00, -441.00
76.00, -219.00, 384.00, 449.00, -441.00, -420.00
86.00, -233.00, 400.00, 424.00, -414.00, -396.00
92.00, -252.00, 401.00, 408.00, -401.00, -383.00
92.00, -228.00, 392.00, 404.00, -401.00, -384.00
93.00, -242.00, 399.00, 407.00, -403.00, -386.00
90.00, -279.00, 389.00, 401.00, -395.00, -379.00
86.00, -265.00, 380.00, 394.00, -388.00, -374.00
90.00, -248.00, 383.00, 394.00, -386.00, -373.00
93.00, -251.00, 381.00, 385.00, -378.00, -364.00
95.00, -240.00, 384.00, 366.00, -358.00, -345.00
88.00, -282.00, 358.00, 352.00, -344.00, -330.00
100.00, -238.00, 357.00, 340.00, -333.00, -320.00
99.00, -282.00, 388.00, 333.00, -327.00, -315.00
99.00, -269.00, 377.00, 327.00, -323.00, -310.00
100.00, -270.00, 372.00, 328.00, -324.00, -313.00
95.00, -300.00, 364.00, 332.00, -327.00, -317.00
97.00, -295.00, 355.00, 328.00, -321.00, -311.00
107.00, -266.00, 353.00, 327.00, -319.00, -309.00
112.00, -276.00, 358.00, 322.00, -316.00, -304.00
102.00, -268.00, 348.00, 310.00, -304.00, -292.00
99.00, -299.00, 354.00, 306.00, -300.00, -287.00
81.00, -359.00, 339.00, 303.00, -298.00, -287.00
100.00, -308.00, 337.00, 306.00, -300.00, -291.00
112.00, -292.00, 355.00, 313.00, -307.00, -296.00
112.00, -293.00, 353.00, 301.00, -298.00, -284.00
3.00, 0.00, 7.00, 278.00, -275.00, -260.00
3.00, -1.00, 3.00, 261.00, -257.00, -242.00
3.00, 2.00, 5.00, 238.00, -231.00, -219.00
2.00, -2.00, 4.00, 49.00, 47.00, 44.00
2.00, 1.00, 1.00, 48.00, 46.00, 43.00
0.00, -1.00, 4.00, 49.00, 47.00, 45.00
0.00, -1.00, 4.00, 50.00, 48.00, 46.00
3.00, 2.00, 0.00, 51.00, 49.00, 47.00
3.00, 0.00, 5.00, 53.00, 50.00, 48.00
-1.00, -2.00, 0.00, 52.00, 50.00, 47.00
0.00, 9.00, 6.00, 52.00, 51.00, 48.00
4.00, 3.00, 3.00, 54.00, 52.00, 49.00
4.00, 3.00, 3.00, 53.00, 50.00, 48.00
-1.00, -3.00, 1.00, 54.00, 52.00, 50.00
-2.00, -3.00, 4.00, 58.00, 55.00, 53.00
-2.00, -3.00, 4.00, 55.00, 52.00, 49.00
5.00, 0.00, 6.00, 51.00, 48.00, 45.00
5.00, -5.00, 14.00, 48.00, 46.00, 43.00
5.00, -20.00, 21.00, 47.00, 45.00, 41.00
11.00, -45.00, 47.00, 46.00, 42.00, 40.00
10.00, -100.00, 73.00, 49.00, 46.00, 44.00
-6.00, -116.00, 79.00, 58.00, 57.00, 53.00
11.00, -32.00, 62.00, 85.00, 85.00, 79.00
4.00, 20.00, 40.00, 147.00, 149.00, 142.00
2.00, 29.00, 31.00, 274.00, 277.00, 267.00
0.00, 77.00, 13.00, 467.00, 469.00, 447.00
-19.00, 173.00, 15.00, 679.00, 673.00, 637.00
-13.00, 221.00, 32.00, 886.00, 874.00, 828.00
-12.00, 223.00, 55.00, 1080.00, 1069.00, 1017.00
-30.00, 254.00, 21.00, 1257.00, 1241.00, 1178.00
-28.00, 291.00, 25.00, 1384.00, 1356.00, 1291.00
-27.00, 320.00, 41.00, 1458.00, 1422.00, 1354.00
-36.00, 321.00, 43.00, 1505.00, 1464.00, 1390.00
-31.00, 304.00, 33.00, 1532.00, 1490.00, 1416.00
-37.00, 320.00, 8.00, 1535.00, 1494.00, 1424.00
-45.00, 375.00, 28.00, 1516.00, 1475.00, 1406.00
-40.00, 401.00, 24.00, 1491.00, 1450.00, 1379.00
-41.00, 372.00, 12.00, 1475.00, 1435.00, 1364.00
-54.00, 359.00, 31.00, 1463.00, 1422.00, 1351.00
-50.00, 400.00, 68.00, 1433.00, 1392.00, 1324.00
-56.00, 443.00, 97.00, 1389.00, 1350.00, 1282.00
-56.00, 455.00, 91.00, 1352.00, 1315.00, 1247.00
-55.00, 422.00, 80.00, 1335.00, 1297.00, 1233.00
-52.00, 397.00, 93.00, 1319.00, 1279.00, 1217.00
-58.00, 417.00, 109.00, 1277.00, 1237.00, 1177.00
-57.00, 446.00, 121.00, 1212.00, 1173.00, 1113.00
-54.00, 428.00, 120.00, 1146.00, 1108.00, 1051.00
-55.00, 402.00, 133.00, 1100.00, 1063.00, 1007.00
-65.00, 416.00, 173.00, 1063.00, 1027.00, 974.00
-64.00, 443.00, 176.00, 1024.00, 989.00, 937.00
-65.00, 417.00, 172.00, 988.00, 956.00, 903.00
-69.00, 392.00, 175.00, 966.00, 935.00, 882.00
-70.00, 400.00, 199.00, 947.00, 915.00, 864.00
-59.00, 416.00, 213.00, 922.00, 891.00, 840.00
-69.00, 404.00, 218.00, 885.00, 859.00, 808.00
-89.00, 410.00, 232.00, 857.00, 832.00, 783.00
-84.00, 407.00, 235.00, 839.00, 815.00, 768.00
-65.00, 383.00, 227.00, 824.00, 800.00, 753.00
-69.00, 367.00, 246.00, 807.00, 785.00, 736.00
-85.00, 405.00, 273.00, 787.00, 766.00, 720.00
-83.00, 414.00, 275.00, 757.00, 736.00, 695.00
-69.00, 368.00, 252.00, 726.00, 706.00, 667.00
-76.00, 346.00, 264.00, 712.00, 692.00, 651.00
-76.00, 378.00, 295.00, 705.00, 684.00, 644.00
-84.00, 389.00, 297.00, 676.00, 655.00, 620.00
-74.00, 362.00, 284.00, 638.00, 621.00, 587.00
-69.00, 354.00, 285.00, 621.00, 606.00, 573.00
-75.00, 357.00, 299.00, 617.00, 602.00, 569.00
-77.00, 357.00, 309.00, 597.00, 582.00, 551.00
-70.00, 363.00, 313.00, 568.00, 553.00, 524.00
-69.00, 355.00, 308.00, 550.00, 536.00, 508.00
-79.00, 348.00, 311.00, 541.00, 528.00, 501.00
-80.00, 351.00, 313.00, 530.00, 517.00, 491.00
-70.00, 337.00, 302.00, 511.00, 498.00, 475.00
-65.00, 331.00, 303.00, 484.00, 473.00, 449.00
-71.00, 329.00, 318.00, 458.00, 447.00, 424.00
-73.00, 350.00, 327.00, 432.00, 419.00, 399.00
-67.00, 333.00, 307.00, 402.00, 390.00, 374.00
-59.00, 304.00, 301.00, 381.00, 369.00, 355.00
-68.00, 322.00, 320.00, 370.00, 359.00, 343.00
-71.00, 329.00, 327.00, 358.00, 346.00, 330.00
-71.00, 320.00, 331.00, 334.00, 324.00, 308.00
-63.00, 312.00, 329.00, 317.00, 308.00, 292.00
-68.00, 310.00, 327.00, 317.00, 308.00, 292.00
-71.00, 323.00, 335.00, 315.00, 306.00, 291.00
-69.00, 323.00, 328.00, 302.00, 294.00, 280.00
-62.00, 311.00, 326.00, 287.00, 279.00, 267.00
-66.00, 312.00, 334.00, 275.00, 266.00, 254.00
-69.00, 317.00, 333.00, 262.00, 252.00, 241.00
-65.00, 313.00, 321.00, 242.00, 233.00, 223.00
-65.00, 316.00, 325.00, 222.00, 213.00, 204.00
-67.00, 323.00, 334.00, 207.00, 199.00, 190.00
-67.00, 315.00, 332.00, 191.00, 182.00, 175.00
-65.00, 311.00, 320.00, 172.00, 164.00, 158.00
-65.00, 311.00, 324.00, 159.00, 152.00, 147.00
-67.00, 319.00, 332.00, 149.00, 143.00, 137.00
-66.00, 313.00, 327.00, 133.00, 127.00, 122.00
-69.00, 312.00, 329.00, 118.00, 112.00, 108.00
-67.00, 321.00, 327.00, 110.00, 105.00, 100.00
-63.00, 309.00, 321.00, 106.00, 101.00, 96.00
-2.00, 29.00, 38.00, 96.00, 92.00, 88.00
-2.00, 32.00, 20.00, 90.00, 87.00, 83.00
8.00, 27.00, 7.00, 85.00, 82.00, 78.00
-7.00, 80.00, 32.00, 79.00, 75.00, 72.00
-8.00, 124.00, 46.00, 28.00, -28.00, -26.00
-19.00, 100.00, 25.00, 52.00, -52.00, -49.00
-11.00, 35.00, 44.00, 102.00, -102.00, -98.00
-2.00, -9.00, 118.00, 153.00, -150.00, -146.00
-6.00, 9.00, 146.00, 219.00, -212.00, -206.00
-7.00, 64.00, 143.00, 343.00, -333.00, -322.00
-14.00, 125.00, 109.00, 521.00, -507.00, -490.00
-2.00, 152.00, 97.00, 699.00, -683.00, -657.00
2.00, 124.00, 132.00, 823.00, -804.00, -771.00
2.00, 81.00, 192.00, 872.00, -851.00, -814.00
-1.00, 70.00, 219.00, 870.00, -848.00, -806.00
5.00, 79.00, 230.00, 862.00, -839.00, -793.00
2.00, 98.00, 230.00, 884.00, -860.00, -813.00
-5.00, 109.00, 232.00, 938.00, -913.00, -867.00
-2.00, 91.00, 262.00, 994.00, -969.00, -924.00
-3.00, 64.00, 285.00, 1026.00, -1001.00, -957.00
-9.00, 87.00, 287.00, 1034.00, -1007.00, -963.00
12.00, 62.00, 323.00, 1030.00, -1000.00, -955.00
2.00, 38.00, 339.00, 1025.00, -993.00, -948.00
0.00, 58.00, 327.00, 1027.00, -995.00, -949.00
4.00, 66.00, 333.00, 1024.00, -994.00, -951.00
1.00, 46.00, 342.00, 1019.00, -990.00, -945.00
9.00, 29.00, 363.00, 1016.00, -988.00, -942.00
4.00, 13.00, 374.00, 991.00, -960.00, -920.00
6.00, 11.00, 382.00, 955.00, -923.00, -882.00
7.00, 15.00, 371.00, 929.00, -899.00, -856.00
12.00, 20.00, 380.00, 909.00, -882.00, -843.00
17.00, 4.00, 384.00, 897.00, -872.00, -833.00
20.00, -26.00, 407.00, 883.00, -857.00, -819.00
13.00, -36.00, 411.00, 859.00, -833.00, -795.00
14.00, -37.00, 405.00, 834.00, -809.00, -772.00
15.00, -36.00, 406.00, 820.00, -797.00, -760.00
12.00, -44.00, 402.00, 816.00, -795.00, -762.00
12.00, -44.00, 402.00, 821.00, -799.00, -766.00
22.00, -81.00, 422.00, 812.00, -787.00, -756.00
22.00, -81.00, 422.00, 794.00, -768.00, -736.00
21.00, -104.00, 435.00, 777.00, -752.00, -721.00
22.00, -103.00, 428.00, 768.00, -745.00, -714.00
23.00, -87.00, 411.00, 769.00, -748.00, -717.00
30.00, -94.00, 412.00, 773.00, -751.00, -721.00
28.00, -126.00, 425.00, 771.00, -748.00, -718.00
28.00, -153.00, 437.00, 760.00, -736.00, -706.00
26.00, -167.00, 426.00, 746.00, -720.00, -691.00
22.00, -162.00, 412.00, 745.00, -722.00, -693.00
23.00, -169.00, 412.00, 757.00, -734.00, -707.00
27.00, -174.00, 417.00, 766.00, -740.00, -713.00
26.00, -204.00, 412.00, 758.00, -729.00, -702.00
27.00, -190.00, 407.00, 738.00, -709.00, -682.00
21.00, -183.00, 391.00, 720.00, -696.00, -668.00
29.00, -179.00, 395.00, 707.00, -683.00, -655.00
28.00, -224.00, 407.00, 692.00, -668.00, -641.00
29.00, -278.00, 412.00, 670.00, -645.00, -618.00
36.00, -242.00, 411.00, 649.00, -625.00, -600.00
37.00, -229.00, 400.00, 644.00, -622.00, -596.00
33.00, -219.00, 394.00, 653.00, -635.00, -609.00
30.00, -255.00, 400.00, 662.00, -644.00, -616.00
26.00, -304.00, 397.00, 639.00, -617.00, -593.00
34.00, -262.00, 383.00, 611.00, -588.00, -564.00
38.00, -240.00, 376.00, 590.00, -568.00, -545.00
40.00, -256.00, 386.00, 577.00, -556.00, -535.00
32.00, -278.00, 386.00, 571.00, -551.00, -529.00
23.00, -315.00, 356.00, 541.00, -521.00, -499.00
33.00, -271.00, 351.00, 510.00, -490.00, -470.00
42.00, -282.00, 368.00, 497.00, -479.00, -460.00
44.00, -281.00, 367.00, 491.00, -473.00, -456.00
39.00, -296.00, 365.00, 477.00, -458.00, -441.00
34.00, -296.00, 357.00, 459.00, -443.00, -425.00
38.00, -320.00, 365.00, 439.00, -426.00, -409.00
40.00, -301.00, 356.00, 433.00, -420.00, -404.00
39.00, -299.00, 355.00, 424.00, -410.00, -397.00
42.00, -313.00, 361.00, 413.00, -399.00, -387.00
41.00, -315.00, 355.00, 402.00, -389.00, -375.00
40.00, -313.00, 352.00, 387.00, -374.00, -360.00
45.00, -310.00, 353.00, 365.00, -353.00, -339.00
40.00, -319.00, 352.00, 349.00, -337.00, -323.00
38.00, -318.00, 340.00, 333.00, -322.00, -309.00
39.00, -314.00, 339.00, 314.00, -303.00, -290.00
38.00, -321.00, 338.00, 295.00, -284.00, -271.00
40.00, -329.00, 332.00, 276.00, -266.00, -254.00
49.00, -302.00, 332.00, 256.00, -245.00, -235.00
44.00, -307.00, 337.00, 235.00, -225.00, -214.00
40.00, -311.00, 335.00, 215.00, -206.00, -195.00
40.00, -313.00, 329.00, 196.00, -189.00, -178.00
44.00, -323.00, 336.00, 175.00, -169.00, -159.00
42.00, -311.00, 338.00, 156.00, -149.00, -142.00
46.00, -313.00, 340.00, 143.00, -137.00, -131.00
40.00, -326.00, 346.00, 133.00, -128.00, -123.00
40.00, -328.00, 340.00, 126.00, -122.00, -117.00
43.00, -307.00, 328.00, 118.00, -116.00, -111.00
48.00, -317.00, 345.00, 110.00, -106.00, -102.00
40.00, -334.00, 345.00, 103.00, -100.00, -96.00
39.00, -314.00, 330.00, 96.00, -93.00, -90.00
43.00, -310.00, 331.00, 83.00, -80.00, -76.00
48.00, -321.00, 343.00, 69.00, -67.00, -64.00
45.00, -323.00, 343.00, 67.00, -65.00, -62.00
42.00, -320.00, 336.00, 59.00, -56.00, -54.00
-3.00, 1.00, 7.00, 46.00, -44.00, -42.00
-1.00, 7.00, 3.00, 41.00, -41.00, -38.00
2.00, -8.00, 30.00, 40.00, -40.00, -37.00
1.00, -13.00, 35.00, 35.00, -33.00, -32.00
4.00, 2.00, 29.00, 27.00, -25.00, -24.00
-3.00, 2.00, 38.00, 34.00, 36.00, 34.00
-3.00, -4.00, 50.00, 62.00, 64.00, 61.00
-3.00, 14.00, 49.00, 85.00, 84.00, 80.00
0.00, 39.00, 56.00, 113.00, 112.00, 107.00
6.00, 58.00, 49.00, 158.00, 155.00, 148.00
3.00, 124.00, 20.00, 207.00, 204.00, 194.00
-1.00, 133.00, 45.00, 264.00, 259.00, 248.00
-1.00, 105.00, 72.00, 332.00, 325.00, 313.00
-3.00, 101.00, 94.00, 411.00, 402.00, 387.00
-7.00, 114.00, 80.00, 491.00, 479.00, 461.00
-15.00, 150.00, 58.00, 572.00, 558.00, 534.00
-8.00, 177.00, 67.00, 618.00, 602.00, 576.00
-8.00, 184.00, 76.00, 632.00, 613.00, 584.00
-3.00, 174.00, 91.00, 642.00, 622.00, 589.00
-12.00, 171.00, 99.00, 661.00, 641.00, 609.00
-20.00, 191.00, 75.00, 693.00, 674.00, 641.00
-16.00, 224.00, 74.00, 717.00, 698.00, 667.00
-12.00, 224.00, 84.00, 724.00, 703.00, 672.00
-11.00, 220.00, 92.00, 716.00, 693.00, 661.00
-13.00, 244.00, 76.00, 707.00, 684.00, 650.00
-27.00, 275.00, 55.00, 708.00, 688.00, 653.00
-20.00, 284.00, 62.00, 714.00, 695.00, 664.00
-19.00, 265.00, 72.00, 713.00, 692.00, 665.00
-21.00, 262.00, 68.00, 710.00, 689.00, 660.00
-25.00, 292.00, 49.00, 716.00, 695.00, 661.00
-26.00, 314.00, 44.00, 727.00, 706.00, 670.00
-23.00, 314.00, 45.00, 726.00, 706.00, 672.00
-31.00, 312.00, 37.00, 713.00, 692.00, 660.00
-28.00, 337.00, 20.00, 697.00, 675.00, 642.00
-30.00, 350.00, 5.00, 700.00, 679.00, 642.00
-29.00, 356.00, 7.00, 707.00, 687.00, 655.00
-43.00, 357.00, 3.00, 712.00, 692.00, 661.00
-37.00, 366.00, 3.00, 711.00, 692.00, 660.00
-35.00, 373.00, 2.00, 716.00, 697.00, 664.00
-26.00, 369.00, 11.00, 724.00, 703.00, 670.00
-40.00, 385.00, 42.00, 727.00, 705.00, 671.00
-48.00, 409.00, 56.00, 720.00, 699.00, 665.00
-42.00, 426.00, 59.00, 717.00, 697.00, 664.00
-36.00, 403.00, 53.00, 717.00, 697.00, 666.00
-34.00, 382.00, 62.00, 724.00, 703.00, 670.00
-50.00, 437.00, 104.00, 734.00, 713.00, 677.00
-42.00, 436.00, 103.00, 749.00, 729.00, 692.00
-42.00, 430.00, 105.00, 755.00, 735.00, 702.00
-42.00, 397.00, 92.00, 746.00, 724.00, 693.00
-44.00, 395.00, 103.00, 726.00, 704.00, 671.00
-50.00, 440.00, 135.00, 715.00, 694.00, 659.00
-43.00, 443.00, 140.00, 715.00, 693.00, 658.00
-41.00, 416.00, 133.00, 698.00, 675.00, 644.00
-45.00, 392.00, 140.00, 669.00, 646.00, 614.00
-59.00, 425.00, 165.00, 638.00, 616.00, 583.00
-57.00, 454.00, 182.00, 626.00, 606.00, 573.00
-45.00, 421.00, 162.00, 624.00, 603.00, 572.00
-45.00, 421.00, 162.00, 608.00, 588.00, 559.00
-51.00, 401.00, 167.00, 588.00, 570.00, 539.00
-61.00, 414.00, 198.00, 581.00, 563.00, 532.00
-64.00, 449.00, 219.00, 586.00, 568.00, 537.00
-60.00, 447.00, 213.00, 589.00, 570.00, 541.00
-47.00, 407.00, 185.00, 570.00, 552.00, 523.00
-51.00, 406.00, 200.00, 555.00, 540.00, 510.00
-59.00, 433.00, 229.00, 562.00, 548.00, 519.00
-60.00, 438.00, 238.00, 569.00, 554.00, 526.00
-53.00, 427.00, 225.00, 553.00, 536.00, 511.00
-48.00, 402.00, 215.00, 518.00, 500.00, 476.00
-54.00, 400.00, 216.00, 493.00, 477.00, 453.00
-59.00, 402.00, 238.00, 485.00, 470.00, 446.00
-62.00, 419.00, 257.00, 474.00, 458.00, 434.00
-62.00, 412.00, 257.00, 444.00, 426.00, 404.00
-57.00, 404.00, 249.00, 409.00, 390.00, 368.00
-55.00, 382.00, 242.00, 383.00, 366.00, 344.00
-58.00, 374.00, 254.00, 373.00, 358.00, 336.00
-58.00, 383.00, 269.00, 373.00, 359.00, 337.00
-59.00, 395.00, 276.00, 366.00, 351.00, 331.00
-63.00, 375.00, 276.00, 349.00, 335.00, 316.00
-69.00, 370.00, 290.00, 330.00, 317.00, 298.00
-59.00, 371.00, 288.00, 321.00, 309.00, 289.00
-56.00, 366.00, 282.00, 324.00, 314.00, 294.00
-56.00, 360.00, 288.00, 333.00, 322.00, 303.00
-67.00, 367.00, 304.00, 337.00, 326.00, 306.00
-63.00, 365.00, 297.00, 336.00, 325.00, 304.00
-61.00, 351.00, 293.00, 333.00, 321.00, 303.00
-63.00, 361.00, 312.00, 326.00, 314.00, 299.00
-60.00, 365.00, 311.00, 318.00, 308.00, 292.00
-61.00, 337.00, 300.00, 317.00, 308.00, 291.00
-62.00, 351.00, 317.00, 314.00, 306.00, 290.00
-63.00, 351.00, 320.00, 305.00, 296.00, 282.00
-59.00, 338.00, 308.00, 301.00, 294.00, 279.00
-59.00, 344.00, 313.00, 300.00, 294.00, 278.00
-65.00, 352.00, 327.00, 289.00, 283.00, 268.00
-63.00, 346.00, 327.00, 282.00, 276.00, 261.00
-59.00, 332.00, 328.00, 279.00, 274.00, 260.00
-57.00, 339.00, 339.00, 270.00, 264.00, 251.00
-61.00, 343.00, 340.00, 264.00, 258.00, 245.00
-60.00, 334.00, 329.00, 267.00, 262.00, 247.00
-57.00, 330.00, 330.00, 266.00, 261.00, 246.00
-57.00, 333.00, 330.00, 256.00, 251.00, 237.00 
3.00, 0.00, 3.00, 248.00, 243.00, 230.00
2.00, 7.00, 7.00, 241.00, 235.00, 223.00
3.00, 2.00, 2.00, 224.00, 218.00, 207.00
-1.00, -9.00, 13.00, 202.00, 196.00, 187.00
2.00, -2.00, 4.00, 183.00, 177.00, 170.00
-1.00, 14.00, 5.00, 166.00, 160.00, 154.00
1.00, 1.00, 3.00, 43.00, -42.00, -40.00
3.00, -2.00, 1.00, 40.00, -39.00, -37.00
2.00, 5.00, 1.00, 40.00, -39.00, -37.00
1.00, 4.00, 1.00, 45.00, -44.00, -42.00
2.00, -5.00, 9.00, 50.00, -48.00, -46.00
1.00, -9.00, 0.00, 44.00, -41.00, -40.00
1.00, -9.00, 0.00, 39.00, -37.00, -35.00
-2.00, 25.00, 29.00, 42.00, -40.00, -38.00
-6.00, 47.00, 52.00, 44.00, -42.00, -40.00
3.00, 111.00, 82.00, 42.00, -41.00, -39.00
-2.00, 121.00, 61.00, 44.00, -42.00, -41.00
-10.00, 75.00, 7.00, 49.00, -47.00, -45.00
-21.00, 5.00, 32.00, 46.00, -45.00, -43.00
-15.00, -22.00, 110.00, 43.00, -42.00, -40.00
-0.00, 21.00, 146.00, 63.00, -63.00, -60.00
6.00, 88.00, 150.00, 129.00, -127.00, -120.00
3.00, 102.00, 150.00, 273.00, -264.00, -254.00
16.00, 71.00, 201.00, 486.00, -468.00, -455.00
10.00, 39.00, 240.00, 716.00, -692.00, -669.00
-3.00, 83.00, 221.00, 905.00, -881.00, -843.00
9.00, 118.00, 217.00, 1017.00, -995.00, -944.00
6.00, 101.00, 226.00, 1078.00, -1055.00, -998.00
21.00, 50.00, 289.00, 1124.00, -1096.00, -1037.00
14.00, 27.00, 310.00, 1163.00, -1131.00, -1073.00
10.00, 49.00, 307.00, 1176.00, -1140.00, -1086.00
11.00, 54.00, 303.00, 1150.00, -1114.00, -1064.00
9.00, 58.00, 308.00, 1127.00, -1093.00, -1040.00
16.00, 32.00, 344.00, 1130.00, -1099.00, -1046.00
17.00, 0.00, 362.00, 1158.00, -1128.00, -1077.00
19.00, -8.00, 381.00, 1172.00, -1140.00, -1093.00
14.00, -20.00, 382.00, 1156.00, -1123.00, -1076.00
20.00, -13.00, 381.00, 1130.00, -1096.00, -1046.00
20.00, -6.00, 380.00, 1107.00, -1076.00, -1028.00
22.00, -14.00, 370.00, 1111.00, -1082.00, -1035.00
27.00, -38.00, 390.00, 1113.00, -1085.00, -1042.00
29.00, -72.00, 409.00, 1105.00, -1073.00, -1029.00
25.00, -90.00, 425.00, 1080.00, -1047.00, -1001.00
26.00, -73.00, 410.00, 1040.00, -1007.00, -963.00
25.00, -54.00, 390.00, 1002.00, -969.00, -926.00
28.00, -63.00, 390.00, 972.00, -942.00, -900.00
31.00, -111.00, 412.00, 958.00, -931.00, -892.00
30.00, -132.00, 428.00, 952.00, -926.00, -891.00
27.00, -136.00, 428.00, 940.00, -911.00, -877.00
29.00, -112.00, 413.00, 903.00, -873.00, -840.00
32.00, -118.00, 405.00, 858.00, -828.00, -796.00
37.00, -125.00, 415.00, 828.00, -802.00, -771.00
37.00, -151.00, 425.00, 820.00, -796.00, -768.00
34.00, -152.00, 424.00, 818.00, -794.00, -766.00
32.00, -162.00, 415.00, 799.00, -773.00, -745.00
29.00, -159.00, 405.00, 765.00, -739.00, -711.00
35.00, -178.00, 407.00, 735.00, -710.00, -682.00
39.00, -202.00, 425.00, 715.00, -692.00, -664.00
39.00, -205.00, 421.00, 703.00, -681.00, -656.00
37.00, -181.00, 399.00, 693.00, -669.00, -646.00
36.00, -189.00, 399.00, 677.00, -652.00, -629.00
37.00, -245.00, 416.00, 660.00, -637.00, -613.00
36.00, -253.00, 414.00, 651.00, -630.00, -605.00
39.00, -218.00, 397.00, 653.00, -633.00, -608.00
44.00, -211.00, 391.00, 649.00, -627.00, -603.00
45.00, -235.00, 397.00, 631.00, -607.00, -585.00
38.00, -274.00, 396.00, 619.00, -596.00, -573.00
37.00, -263.00, 392.00, 623.00, -603.00, -578.00
37.00, -259.00, 381.00, 623.00, -603.00, -578.00
46.00, -257.00, 385.00, 603.00, -581.00, -557.00
41.00, -273.00, 388.00, 580.00, -559.00, -536.00
44.00, -284.00, 392.00, 571.00, -553.00, -529.00
36.00, -284.00, 384.00, 569.00, -550.00, -528.00
39.00, -286.00, 380.00, 561.00, -540.00, -520.00
44.00, -282.00, 385.00, 541.00, -520.00, -501.00
45.00, -291.00, 391.00, 524.00, -506.00, -485.00
43.00, -292.00, 385.00, 514.00, -498.00, -477.00
39.00, -298.00, 363.00, 503.00, -485.00, -466.00
48.00, -269.00, 364.00, 487.00, -469.00, -452.00
48.00, -281.00, 380.00, 467.00, -449.00, -431.00
41.00, -273.00, 367.00, 445.00, -429.00, -410.00
37.00, -315.00, 355.00, 427.00, -413.00, -393.00
42.00, -325.00, 373.00, 405.00, -390.00, -371.00
47.00, -307.00, 367.00, 380.00, -366.00, -349.00
42.00, -297.00, 356.00, 354.00, -341.00, -324.00
39.00, -293.00, 349.00, 332.00, -320.00, -306.00
41.00, -308.00, 352.00, 321.00, -309.00, -297.00
39.00, -321.00, 352.00, 314.00, -301.00, -290.00
44.00, -319.00, 345.00, 310.00, -298.00, -287.00
48.00, -315.00, 357.00, 297.00, -286.00, -276.00
45.00, -319.00, 359.00, 282.00, -271.00, -260.00
45.00, -314.00, 354.00, 265.00, -254.00, -245.00
44.00, -316.00, 345.00, 254.00, -243.00, -235.00
45.00, -330.00, 354.00, 251.00, -241.00, -233.00
48.00, -319.00, 348.00, 248.00, -240.00, -232.00
48.00, -319.00, 348.00, 242.00, -235.00, -225.00
44.00, -313.00, 349.00, 235.00, -229.00, -219.00
45.00, -327.00, 353.00, 227.00, -220.00, -211.00
45.00, -327.00, 353.00, 215.00, -208.00, -199.00
45.00, -316.00, 344.00, 204.00, -197.00, -189.00
7.00, -44.00, 42.00, 195.00, -189.00, -181.00
6.00, -62.00, 49.00, 181.00, -176.00, -169.00
2.00, -34.00, 35.00, 167.00, -162.00, -155.00
-7.00, 61.00, 10.00, 156.00, -150.00, -144.00
7.00, 37.00, 43.00, 146.00, -142.00, -136.00
13.00, 29.00, 64.00, 134.00, -130.00, -124.00
2.00, 58.00, 39.00, 122.00, -119.00, -113.00
-5.00, 115.00, 28.00, 41.00, 40.00, 37.00
-12.00, 170.00, 30.00, 79.00, 79.00, 74.00
-5.00, 153.00, 45.00, 158.00, 159.00, 150.00
-3.00, 162.00, 65.00, 270.00, 268.00, 255.00
-5.00, 172.00, 66.00, 384.00, 377.00, 358.00
-9.00, 209.00, 49.00, 473.00, 462.00, 443.00
-11.00, 223.00, 43.00, 574.00, 561.00, 531.00
-9.00, 230.00, 48.00, 673.00, 658.00, 622.00
-18.00, 258.00, 39.00, 759.00, 740.00, 702.00
-10.00, 267.00, 48.00, 821.00, 799.00, 759.00
-12.00, 250.00, 53.00, 851.00, 828.00, 792.00
-16.00, 260.00, 45.00, 875.00, 850.00, 809.00
-15.00, 282.00, 39.00, 895.00, 868.00, 825.00
-15.00, 298.00, 37.00, 906.00, 878.00, 838.00
-18.00, 297.00, 35.00, 910.00, 882.00, 841.00
-21.00, 289.00, 37.00, 909.00, 882.00, 841.00
-17.00, 301.00, 24.00, 900.00, 874.00, 834.00
-21.00, 326.00, 3.00, 877.00, 849.00, 812.00
-24.00, 346.00, 2.00, 851.00, 823.00, 784.00
-27.00, 340.00, 0.00, 830.00, 803.00, 765.00
-24.00, 352.00, 7.00, 812.00, 787.00, 750.00
-21.00, 365.00, 21.00, 796.00, 772.00, 737.00
-22.00, 358.00, 24.00, 779.00, 756.00, 720.00
-35.00, 365.00, 31.00, 766.00, 743.00, 706.00
-27.00, 374.00, 36.00, 764.00, 742.00, 706.00
-24.00, 369.00, 40.00, 767.00, 746.00, 714.00
-23.00, 368.00, 46.00, 764.00, 744.00, 714.00
-23.00, 368.00, 46.00, 759.00, 740.00, 708.00
-32.00, 378.00, 66.00, 754.00, 734.00, 703.00
-32.00, 394.00, 78.00, 745.00, 724.00, 693.00
-26.00, 395.00, 79.00, 731.00, 711.00, 679.00
-32.00, 382.00, 85.00, 715.00, 696.00, 666.00
-37.00, 384.00, 104.00, 700.00, 682.00, 654.00
-35.00, 405.00, 113.00, 690.00, 672.00, 644.00
-37.00, 420.00, 132.00, 687.00, 669.00, 639.00
-30.00, 413.00, 127.00, 689.00, 671.00, 640.00
-35.00, 404.00, 142.00, 687.00, 668.00, 639.00
-42.00, 413.00, 158.00, 679.00, 659.00, 630.00
-44.00, 432.00, 164.00, 672.00, 654.00, 621.00
-38.00, 428.00, 164.00, 676.00, 659.00, 626.00
-36.00, 398.00, 166.00, 687.00, 668.00, 637.00
-44.00, 405.00, 186.00, 692.00, 671.00, 641.00
-52.00, 440.00, 201.00, 684.00, 661.00, 629.00
-40.00, 430.00, 191.00, 674.00, 652.00, 617.00
-29.00, 383.00, 173.00, 669.00, 648.00, 614.00
-46.00, 374.00, 203.00, 664.00, 642.00, 610.00
-57.00, 434.00, 241.00, 646.00, 623.00, 592.00
-48.00, 442.00, 242.00, 622.00, 601.00, 568.00
-35.00, 401.00, 223.00, 611.00, 591.00, 557.00
-35.00, 369.00, 221.00, 604.00, 584.00, 554.00
-53.00, 397.00, 249.00, 583.00, 562.00, 536.00
-44.00, 417.00, 258.00, 557.00, 539.00, 511.00
-40.00, 392.00, 258.00, 556.00, 542.00, 510.00
-40.00, 386.00, 261.00, 574.00, 561.00, 532.00
-40.00, 395.00, 266.00, 575.00, 559.00, 535.00
-44.00, 399.00, 273.00, 549.00, 534.00, 509.00
-42.00, 399.00, 272.00, 526.00, 512.00, 486.00
-35.00, 380.00, 263.00, 522.00, 509.00, 482.00
-38.00, 370.00, 275.00, 519.00, 504.00, 482.00
-44.00, 382.00, 291.00, 504.00, 489.00, 468.00
-44.00, 398.00, 296.00, 486.00, 472.00, 451.00
-32.00, 379.00, 278.00, 475.00, 461.00, 439.00
-36.00, 343.00, 274.00, 462.00, 448.00, 427.00
-48.00, 371.00, 306.00, 442.00, 429.00, 411.00
-43.00, 387.00, 316.00, 417.00, 405.00, 388.00
-36.00, 373.00, 308.00, 399.00, 389.00, 371.00
-35.00, 343.00, 298.00, 393.00, 383.00, 364.00
-39.00, 345.00, 318.00, 386.00, 374.00, 357.00
-45.00, 362.00, 336.00, 367.00, 355.00, 339.00
-43.00, 356.00, 326.00, 352.00, 342.00, 323.00
-36.00, 320.00, 317.00, 360.00, 351.00, 330.00
-42.00, 334.00, 334.00, 372.00, 361.00, 343.00
-48.00, 345.00, 343.00, 370.00, 359.00, 341.00
-41.00, 343.00, 341.00, 364.00, 353.00, 335.00
-36.00, 326.00, 332.00, 370.00, 359.00, 339.00
-38.00, 325.00, 333.00, 382.00, 371.00, 350.00
-44.00, 323.00, 335.00, 381.00, 369.00, 350.00
-41.00, 325.00, 349.00, 368.00, 358.00, 340.00
-37.00, 312.00, 349.00, 368.00, 359.00, 339.00
-39.00, 322.00, 360.00, 374.00, 363.00, 344.00
-40.00, 318.00, 358.00, 365.00, 354.00, 337.00
-38.00, 311.00, 355.00, 349.00, 338.00, 322.00
-34.00, 307.00, 359.00, 334.00, 324.00, 309.00
-39.00, 312.00, 375.00, 321.00, 312.00, 297.00
-33.00, 313.00, 368.00, 310.00, 301.00, 287.00
-33.00, 303.00, 360.00, 299.00, 290.00, 279.00
-33.00, 300.00, 363.00, 292.00, 285.00, 274.00
-34.00, 301.00, 359.00, 289.00, 282.00, 270.00
-35.00, 306.00, 366.00, 278.00, 273.00, 261.00
-32.00, 298.00, 358.00, 267.00, 262.00, 251.00
-32.00, 291.00, 353.00, 265.00, 260.00, 249.00
-35.00, 298.00, 365.00, 264.00, 258.00, 246.00
-35.00, 302.00, 359.00, 257.00, 250.00, 237.00
-1.00, 3.00, 2.00, 244.00, 237.00, 224.00
1.00, 1.00, 4.00, 231.00, 224.00, 212.00
-1.00, -5.00, 2.00, 219.00, 211.00, 200.00
-1.00, 1.00, 3.00, 206.00, 198.00, 187.00
1.00, -2.00, 1.00, 185.00, 178.00, 169.00
-2.00, 4.00, 4.00, 166.00, 160.00, 151.00
-2.00, 2.00, 4.00, 152.00, 147.00, 139.00
1.00, -7.00, 4.00, 136.00, 132.00, 126.00
-0.00, 3.00, 1.00, 29.00, -28.00, -26.00
-0.00, 6.00, 4.00, 28.00, -27.00, -25.00
-0.00, 7.00, 4.00, 31.00, -29.00, -28.00
2.00, 14.00, 2.00, 31.00, -29.00, -27.00
-4.00, 13.00, 3.00, 30.00, -28.00, -26.00
3.00, -24.00, 33.00, 30.00, -28.00, -26.00
-6.00, 6.00, 1.00, 32.00, -30.00, -28.00
-0.00, 27.00, 5.00, 35.00, -35.00, -32.00
-1.00, 24.00, 9.00, 35.00, -35.00, -33.00
-0.00, 44.00, 35.00, 35.00, -35.00, -32.00
-15.00, 87.00, 61.00, 41.00, -39.00, -36.00
-8.00, 133.00, 55.00, 49.00, -48.00, -45.00
-20.00, 97.00, 47.00, 64.00, -62.00, -59.00
-16.00, 47.00, 9.00, 86.00, -83.00, -80.00
-9.00, 20.00, 57.00, 87.00, -83.00, -81.00
3.00, 41.00, 105.00, 72.00, -70.00, -67.00
-0.00, 70.00, 141.00, 74.00, -73.00, -68.00
25.00, 103.00, 178.00, 91.00, -89.00, -83.00
2.00, 37.00, 238.00, 127.00, -123.00, -117.00
-2.00, 72.00, 262.00, 212.00, -207.00, -200.00
-4.00, 101.00, 265.00, 372.00, -361.00, -347.00
9.00, 84.00, 305.00, 594.00, -578.00, -553.00
2.00, 49.00, 319.00, 844.00, -823.00, -780.00
18.00, 17.00, 360.00, 1061.00, -1040.00, -984.00
8.00, 55.00, 348.00, 1230.00, -1206.00, -1143.00
6.00, 61.00, 348.00, 1352.00, -1326.00, -1260.00
17.00, 28.00, 379.00, 1452.00, -1419.00, -1351.00
18.00, 2.00, 394.00, 1505.00, -1468.00, -1400.00
27.00, -27.00, 404.00, 1511.00, -1470.00, -1406.00
37.00, -16.00, 423.00, 1516.00, -1476.00, -1408.00
25.00, -44.00, 428.00, 1527.00, -1488.00, -1423.00
18.00, -35.00, 412.00, 1531.00, -1491.00, -1428.00
26.00, -68.00, 417.00, 1509.00, -1466.00, -1401.00
26.00, -97.00, 428.00, 1465.00, -1421.00, -1358.00
27.00, -96.00, 437.00, 1437.00, -1396.00, -1332.00
26.00, -76.00, 428.00, 1424.00, -1387.00, -1326.00
25.00, -72.00, 413.00, 1411.00, -1374.00, -1316.00
32.00, -107.00, 433.00, 1384.00, -1343.00, -1286.00
31.00, -140.00, 454.00, 1346.00, -1303.00, -1250.00
25.00, -140.00, 441.00, 1299.00, -1255.00, -1206.00
27.00, -117.00, 419.00, 1243.00, -1198.00, -1152.00
24.00, -116.00, 405.00, 1198.00, -1157.00, -1111.00
24.00, -123.00, 408.00, 1151.00, -1111.00, -1066.00
27.00, -160.00, 417.00, 1088.00, -1047.00, -1006.00
26.00, -179.00, 428.00, 1023.00, -983.00, -943.00
26.00, -188.00, 432.00, 974.00, -937.00, -902.00
24.00, -177.00, 418.00, 945.00, -909.00, -877.00
27.00, -179.00, 413.00, 908.00, -870.00, -842.00
28.00, -180.00, 416.00, 851.00, -812.00, -786.00
27.00, -180.00, 416.00, 792.00, -757.00, -730.00
25.00, -192.00, 415.00, 752.00, -721.00, -695.00
28.00, -228.00, 431.00, 735.00, -708.00, -683.00
28.00, -234.00, 428.00, 732.00, -705.00, -682.00
27.00, -207.00, 416.00, 724.00, -698.00, -673.00
35.00, -189.00, 408.00, 702.00, -676.00, -651.00
37.00, -199.00, 415.00, 671.00, -646.00, -621.00
23.00, -265.00, 412.00, 645.00, -622.00, -596.00
34.00, -241.00, 409.00, 623.00, -601.00, -578.00
34.00, -218.00, 402.00, 608.00, -587.00, -563.00
36.00, -237.00, 405.00, 599.00, -579.00, -556.00
30.00, -251.00, 398.00, 591.00, -572.00, -548.00
27.00, -261.00, 398.00, 568.00, -549.00, -524.00
34.00, -260.00, 399.00, 536.00, -517.00, -492.00
29.00, -254.00, 388.00, 514.00, -497.00, -472.00
29.00, -254.00, 388.00, 509.00, -492.00, -470.00
34.00, -262.00, 381.00, 507.00, -490.00, -469.00
31.00, -288.00, 383.00, 490.00, -473.00, -451.00
31.00, -288.00, 383.00, 472.00, -454.00, -434.00
35.00, -261.00, 377.00, 463.00, -446.00, -426.00
36.00, -259.00, 370.00, 454.00, -437.00, -418.00
37.00, -277.00, 383.00, 441.00, -425.00, -407.00
35.00, -283.00, 377.00, 426.00, -411.00, -393.00
30.00, -287.00, 374.00, 410.00, -394.00, -378.00
37.00, -278.00, 362.00, 398.00, -383.00, -367.00
39.00, -286.00, 364.00, 388.00, -374.00, -359.00
39.00, -305.00, 374.00, 373.00, -359.00, -344.00
33.00, -310.00, 372.00, 351.00, -339.00, -324.00
39.00, -294.00, 366.00, 337.00, -325.00, -311.00
38.00, -300.00, 372.00, 332.00, -321.00, -308.00
37.00, -298.00, 367.00, 327.00, -316.00, -304.00
36.00, -293.00, 356.00, 321.00, -310.00, -300.00
37.00, -297.00, 353.00, 316.00, -305.00, -294.00
42.00, -291.00, 358.00, 315.00, -305.00, -293.00
42.00, -282.00, 354.00, 315.00, -305.00, -294.00
41.00, -301.00, 365.00, 306.00, -295.00, -284.00
38.00, -306.00, 366.00, 286.00, -277.00, -265.00
35.00, -298.00, 356.00, 267.00, -258.00, -246.00
42.00, -290.00, 363.00, 244.00, -236.00, -225.00
39.00, -307.00, 370.00, 221.00, -212.00, -202.00
41.00, -289.00, 353.00, 200.00, -192.00, -183.00
38.00, -306.00, 363.00, 181.00, -175.00, -167.00
41.00, -302.00, 359.00, 166.00, -161.00, -154.00
1.00, -8.00, 4.00, 159.00, -154.00, -149.00
2.00, -3.00, 13.00, 150.00, -145.00, -141.00
2.00, -3.00, 13.00, 136.00, -131.00, -125.00
1.00, -19.00, 22.00, 124.00, -120.00, -114.00
4.00, 0.00, 30.00, 116.00, -112.00, -107.00
3.00, 15.00, 19.00, 104.00, -100.00, -95.00
-0.00, 21.00, 24.00, 96.00, -93.00, -89.00
-2.00, 22.00, 29.00, 88.00, -84.00, -80.00
3.00, 11.00, 39.00, 78.00, -74.00, -70.00
1.00, 10.00, 47.00, 32.00, 32.00, 30.00
1.00, 35.00, 46.00, 47.00, 46.00, 44.00
-4.00, 83.00, 33.00, 64.00, 63.00, 60.00
1.00, 98.00, 33.00, 86.00, 83.00, 79.00
-0.00, 101.00, 45.00, 121.00, 119.00, 113.00
-2.00, 100.00, 61.00, 167.00, 164.00, 157.00
2.00, 108.00, 71.00, 208.00, 204.00, 197.00
2.00, 111.00, 64.00, 247.00, 241.00, 233.00
-7.00, 128.00, 52.00, 285.00, 277.00, 267.00
-3.00, 124.00, 79.00, 329.00, 320.00, 308.00
-9.00, 125.00, 82.00, 387.00, 377.00, 363.00
-5.00, 139.00, 71.00, 452.00, 440.00, 423.00
-3.00, 159.00, 71.00, 501.00, 487.00, 468.00
-3.00, 182.00, 61.00, 526.00, 510.00, 490.00
-11.00, 198.00, 64.00, 537.00, 520.00, 499.00
-16.00, 204.00, 66.00, 542.00, 525.00, 503.00
-12.00, 213.00, 71.00, 548.00, 531.00, 508.00
-13.00, 239.00, 57.00, 556.00, 539.00, 513.00
-15.00, 272.00, 29.00, 559.00, 542.00, 517.00
-16.00, 274.00, 37.00, 570.00, 553.00, 529.00
-25.00, 276.00, 42.00, 592.00, 576.00, 551.00
-25.00, 271.00, 54.00, 619.00, 602.00, 575.00
-22.00, 294.00, 41.00, 649.00, 630.00, 599.00
-18.00, 316.00, 25.00, 674.00, 655.00, 622.00
-20.00, 302.00, 26.00, 692.00, 671.00, 638.00
-27.00, 319.00, 19.00, 710.00, 690.00, 654.00
-27.00, 324.00, 27.00, 734.00, 713.00, 676.00
-27.00, 328.00, 22.00, 758.00, 735.00, 694.00
-23.00, 343.00, 2.00, 761.00, 738.00, 698.00
-27.00, 346.00, 16.00, 747.00, 723.00, 686.00
-29.00, 361.00, 21.00, 731.00, 708.00, 671.00
-31.00, 375.00, 18.00, 721.00, 698.00, 664.00
-30.00, 373.00, 22.00, 716.00, 691.00, 657.00
-29.00, 369.00, 31.00, 707.00, 684.00, 649.00
-26.00, 346.00, 19.00, 695.00, 673.00, 641.00
-32.00, 359.00, 35.00, 684.00, 663.00, 632.00
-36.00, 394.00, 57.00, 669.00, 649.00, 620.00
-34.00, 408.00, 66.00, 659.00, 637.00, 607.00
-32.00, 391.00, 64.00, 656.00, 634.00, 600.00
-30.00, 382.00, 56.00, 651.00, 630.00, 599.00
-33.00, 386.00, 55.00, 642.00, 621.00, 592.00
-38.00, 405.00, 82.00, 623.00, 602.00, 574.00
-37.00, 417.00, 96.00, 596.00, 576.00, 548.00
-30.00, 392.00, 71.00, 573.00, 553.00, 525.00
-30.00, 366.00, 64.00, 565.00, 545.00, 517.00
-40.00, 395.00, 98.00, 569.00, 550.00, 523.00
-42.00, 446.00, 141.00, 568.00, 549.00, 525.00
-40.00, 454.00, 145.00, 556.00, 538.00, 514.00
-38.00, 393.00, 105.00, 536.00, 518.00, 494.00
-38.00, 377.00, 98.00, 520.00, 502.00, 478.00
-41.00, 404.00, 128.00, 507.00, 490.00, 468.00
-41.00, 436.00, 149.00, 497.00, 480.00, 459.00
-38.00, 451.00, 153.00, 481.00, 466.00, 445.00
-35.00, 444.00, 148.00, 467.00, 452.00, 431.00
-38.00, 373.00, 103.00, 472.00, 458.00, 434.00
-29.00, 345.00, 110.00, 491.00, 476.00, 453.00
-45.00, 409.00, 172.00, 496.00, 479.00, 458.00
-41.00, 482.00, 195.00, 472.00, 455.00, 434.00
-42.00, 463.00, 180.00, 430.00, 416.00, 397.00
-44.00, 381.00, 144.00, 409.00, 398.00, 380.00
-40.00, 383.00, 173.00, 413.00, 401.00, 386.00
-41.00, 433.00, 196.00, 419.00, 405.00, 390.00
-42.00, 458.00, 195.00, 402.00, 388.00, 373.00
-41.00, 437.00, 188.00, 359.00, 348.00, 333.00
-44.00, 404.00, 174.00, 316.00, 309.00, 294.00
-40.00, 399.00, 173.00, 323.00, 317.00, 300.00
-35.00, 398.00, 168.00, 369.00, 358.00, 341.00
-39.00, 411.00, 186.00, 391.00, 379.00, 364.00
-44.00, 447.00, 199.00, 368.00, 358.00, 341.00
-44.00, 453.00, 197.00, 331.00, 325.00, 308.00
-41.00, 412.00, 177.00, 323.00, 315.00, 301.00
-43.00, 388.00, 168.00, 328.00, 317.00, 304.00
-40.00, 398.00, 173.00, 313.00, 301.00, 289.00
-41.00, 430.00, 185.00, 272.00, 263.00, 252.00
-41.00, 419.00, 181.00, 227.00, 219.00, 211.00
-45.00, 418.00, 183.00, 196.00, 188.00, 181.00
-45.00, 418.00, 183.00, 183.00, 175.00, 169.00
-42.00, 419.00, 178.00, 185.00, 177.00, 169.00
-41.00, 414.00, 177.00, 183.00, 175.00, 168.00
-40.00, 409.00, 177.00, 156.00, 150.00, 144.00
-39.00, 420.00, 180.00, 115.00, 111.00, 105.00
-41.00, 423.00, 182.00, 87.00, 83.00, 79.00
-41.00, 415.00, 172.00, 79.00, 74.00, 72.00
-41.00, 409.00, 168.00, 80.00, 76.00, 73.00
-40.00, 410.00, 171.00, 76.00, 73.00, 70.00
-41.00, 420.00, 178.00, 71.00, 68.00, 65.00
-41.00, 426.00, 181.00, 61.00, 58.00, 58.00
-40.00, 415.00, 176.00, 50.00, 47.00, 45.00
-40.00, 405.00, 168.00, 41.00, 38.00, 37.00
-41.00, 416.00, 174.00, 38.00, 34.00, 33.00
-39.00, 423.00, 180.00, 30.00, 28.00, 27.00
-4.00, 41.00, 16.00, 20.00, 18.00, 18.00
-0.00, 41.00, 2.00, 14.00, 13.00, 13.00
3.00, 6.00, 27.00, 14.00, 13.00, 12.00
-2.00, -71.00, 65.00, 15.00, 14.00, 14.00
3.00, -52.00, 70.00, 14.00, 14.00, 14.00
-3.00, 39.00, 27.00, 10.00, 10.00, 10.00
-8.00, 122.00, 11.00, 5.00, 5.00, 5.00
-7.00, 88.00, 7.00, 8.00, 8.00, 8.00
-2.00, -25.00, 54.00, 12.00, 11.00, 11.00
2.00, -91.00, 110.00, 9.00, 9.00, 9.00
6.00, -80.00, 127.00, 26.00, -27.00, -25.00
8.00, -72.00, 138.00, 60.00, -60.00, -58.00
11.00, -99.00, 183.00, 120.00, -119.00, -114.00
13.00, -118.00, 206.00, 203.00, -199.00, -192.00
11.00, -118.00, 207.00, 269.00, -263.00, -256.00
8.00, -103.00, 204.00, 282.00, -276.00, -266.00
12.00, -84.00, 192.00, 267.00, -260.00, -247.00
12.00, -101.00, 197.00, 288.00, -280.00, -265.00
12.00, -101.00, 197.00, 388.00, -379.00, -362.00
13.00, -141.00, 228.00, 549.00, -539.00, -515.00
17.00, -155.00, 240.00, 700.00, -688.00, -656.00
9.00, -147.00, 222.00, 804.00, -789.00, -752.00
17.00, -132.00, 211.00, 875.00, -854.00, -811.00
18.00, -150.00, 219.00, 921.00, -897.00, -851.00
18.00, -193.00, 246.00, 937.00, -910.00, -867.00
23.00, -216.00, 258.00, 923.00, -895.00, -859.00
21.00, -231.00, 251.00, 895.00, -866.00, -832.00
26.00, -228.00, 260.00, 867.00, -840.00, -804.00
25.00, -217.00, 242.00, 852.00, -825.00, -789.00
24.00, -225.00, 248.00, 848.00, -822.00, -786.00
25.00, -251.00, 251.00, 837.00, -810.00, -775.00
28.00, -266.00, 257.00, 811.00, -784.00, -749.00
28.00, -271.00, 256.00, 793.00, -768.00, -730.00
26.00, -270.00, 249.00, 795.00, -769.00, -730.00
24.00, -257.00, 236.00, 805.00, -782.00, -748.00
26.00, -258.00, 231.00, 814.00, -792.00, -759.00
26.00, -279.00, 246.00, 813.00, -788.00, -753.00
28.00, -290.00, 245.00, 795.00, -769.00, -734.00
24.00, -295.00, 235.00, 766.00, -739.00, -707.00
25.00, -298.00, 230.00, 746.00, -719.00, -687.00
23.00, -292.00, 223.00, 729.00, -704.00, -674.00
26.00, -303.00, 230.00, 711.00, -687.00, -658.00
30.00, -318.00, 242.00, 683.00, -659.00, -632.00
29.00, -346.00, 241.00, 645.00, -620.00, -594.00
28.00, -357.00, 237.00, 601.00, -577.00, -552.00
34.00, -334.00, 231.00, 566.00, -544.00, -519.00
34.00, -315.00, 228.00, 543.00, -524.00, -501.00
34.00, -344.00, 236.00, 524.00, -506.00, -486.00
30.00, -350.00, 226.00, 504.00, -486.00, -466.00
32.00, -340.00, 214.00, 481.00, -465.00, -443.00
30.00, -342.00, 213.00, 462.00, -447.00, -426.00
38.00, -360.00, 222.00, 455.00, -442.00, -421.00
35.00, -350.00, 213.00, 456.00, -445.00, -423.00
37.00, -361.00, 207.00, 456.00, -445.00, -423.00
36.00, -382.00, 217.00, 446.00, -434.00, -412.00
40.00, -378.00, 212.00, 423.00, -412.00, -390.00
37.00, -378.00, 189.00, 399.00, -387.00, -368.00
47.00, -377.00, 197.00, 384.00, -373.00, -355.00
48.00, -378.00, 196.00, 372.00, -361.00, -344.00
46.00, -372.00, 185.00, 358.00, -348.00, -332.00
49.00, -396.00, 191.00, 353.00, -345.00, -328.00
43.00, -420.00, 194.00, 356.00, -349.00, -332.00
42.00, -423.00, 176.00, 360.00, -353.00, -335.00
47.00, -417.00, 167.00, 365.00, -357.00, -339.00
52.00, -419.00, 168.00, 373.00, -366.00, -347.00
48.00, -428.00, 171.00, 376.00, -369.00, -350.00
49.00, -423.00, 167.00, 374.00, -367.00, -348.00
46.00, -429.00, 157.00, 376.00, -369.00, -349.00
44.00, -442.00, 147.00, 380.00, -372.00, -354.00
49.00, -439.00, 150.00, 386.00, -375.00, -361.00
52.00, -434.00, 155.00, 398.00, -387.00, -375.00
53.00, -426.00, 145.00, 415.00, -403.00, -391.00
51.00, -431.00, 146.00, 420.00, -408.00, -393.00
54.00, -448.00, 151.00, 414.00, -401.00, -386.00
54.00, -455.00, 147.00, 409.00, -396.00, -382.00
51.00, -436.00, 137.00, 405.00, -391.00, -378.00
56.00, -428.00, 146.00, 394.00, -381.00, -368.00
51.00, -449.00, 151.00, 382.00, -368.00, -357.00
56.00, -431.00, 135.00, 371.00, -358.00, -346.00
55.00, -446.00, 152.00, 358.00, -346.00, -333.00
53.00, -436.00, 152.00, 343.00, -332.00, -320.00
52.00, -438.00, 150.00, 326.00, -314.00, -303.00
50.00, -431.00, 141.00, 309.00, -298.00, -287.00
53.00, -456.00, 152.00, 293.00, -284.00, -274.00
56.00, -431.00, 148.00, 277.00, -268.00, -259.00
57.00, -436.00, 150.00, 253.00, -243.00, -234.00
50.00, -434.00, 152.00, 226.00, -218.00, -210.00
57.00, -439.00, 147.00, 205.00, -198.00, -191.00
57.00, -445.00, 153.00, 183.00, -176.00, -169.00
53.00, -438.00, 152.00, 160.00, -154.00, -148.00
55.00, -433.00, 150.00, 142.00, -137.00, -132.00
51.00, -442.00, 152.00, 121.00, -117.00, -112.00
53.00, -434.00, 150.00, 103.00, -99.00, -96.00
53.00, -430.00, 142.00, 90.00, -86.00, -83.00
51.00, -438.00, 150.00, 77.00, -75.00, -70.00
53.00, -432.00, 151.00, 61.00, -59.00, -56.00
54.00, -437.00, 153.00, 54.00, -52.00, -50.00
50.00, -426.00, 138.00, 45.00, -42.00, -41.00
52.00, -432.00, 149.00, 39.00, -37.00, -34.00
54.00, -425.00, 148.00, 30.00, -29.00, -26.00
4.00, -12.00, 20.00, 20.00, -18.00, -16.00
1.00, 4.00, 9.00, 13.00, -11.00, -10.00
2.00, 30.00, 1.00, 8.00, -7.00, -5.00
-3.00, -7.00, 40.00, 1.00, -1.00, 1.00
4.00, -53.00, 71.00, 4.00, 4.00, 6.00
8.00, -38.00, 65.00, 5.00, 5.00, 6.00
2.00, 87.00, 6.00, 6.00, 6.00, 6.00
-8.00, 145.00, 11.00, 6.00, 7.00, 7.00
-5.00, 61.00, 55.00, 11.00, 12.00, 12.00
11.00, -10.00, 121.00, 14.00, 14.00, 14.00
5.00, 12.00, 98.00, 15.00, 14.00, 15.00
-1.00, 81.00, 58.00, 26.00, 26.00, 26.00
-6.00, 122.00, 48.00, 65.00, 65.00, 62.00
-5.00, 117.00, 66.00, 107.00, 107.00, 101.00
-6.00, 126.00, 78.00, 137.00, 135.00, 128.00
-10.00, 139.00, 78.00, 159.00, 155.00, 149.00
-9.00, 164.00, 81.00, 207.00, 202.00, 195.00
-5.00, 152.00, 94.00, 295.00, 291.00, 279.00
-10.00, 134.00, 96.00, 388.00, 383.00, 364.00
-18.00, 180.00, 76.00, 421.00, 412.00, 392.00
-13.00, 238.00, 60.00, 402.00, 387.00, 372.00
-10.00, 250.00, 79.00, 410.00, 397.00, 377.00
-15.00, 218.00, 100.00, 466.00, 457.00, 432.00
-17.00, 194.00, 110.00, 540.00, 531.00, 505.00
-24.00, 228.00, 87.00, 599.00, 587.00, 559.00
-20.00, 272.00, 72.00, 637.00, 622.00, 592.00
-21.00, 293.00, 70.00, 664.00, 647.00, 614.00
-24.00, 293.00, 67.00, 684.00, 667.00, 634.00
-29.00, 297.00, 58.00, 698.00, 679.00, 647.00
-31.00, 318.00, 50.00, 703.00, 683.00, 651.00
-31.00, 318.00, 50.00, 722.00, 702.00, 668.00
-29.00, 301.00, 62.00, 752.00, 733.00, 698.00
-35.00, 305.00, 45.00, 770.00, 749.00, 715.00
-34.00, 358.00, 16.00, 763.00, 739.00, 703.00
-38.00, 400.00, 7.00, 741.00, 718.00, 679.00
-41.00, 399.00, 3.00, 731.00, 710.00, 673.00
-39.00, 378.00, 16.00, 743.00, 724.00, 689.00
-37.00, 383.00, 12.00, 760.00, 742.00, 711.00
-36.00, 398.00, 8.00, 774.00, 754.00, 720.00
-40.00, 419.00, 27.00, 780.00, 759.00, 721.00
-48.00, 436.00, 35.00, 779.00, 759.00, 721.00
-45.00, 421.00, 27.00, 774.00, 754.00, 720.00
-45.00, 421.00, 27.00, 766.00, 746.00, 716.00
-38.00, 411.00, 23.00, 767.00, 746.00, 718.00
-40.00, 395.00, 21.00, 790.00, 771.00, 741.00
-45.00, 406.00, 46.00, 822.00, 803.00, 775.00
-45.00, 428.00, 58.00, 842.00, 821.00, 792.00
-46.00, 432.00, 61.00, 837.00, 814.00, 783.00
-38.00, 407.00, 43.00, 819.00, 795.00, 762.00
-39.00, 382.00, 46.00, 802.00, 778.00, 746.00
-52.00, 429.00, 88.00, 791.00, 767.00, 735.00
-52.00, 434.00, 103.00, 776.00, 753.00, 721.00
-44.00, 438.00, 92.00, 751.00, 728.00, 697.00
-52.00, 434.00, 100.00, 714.00, 691.00, 662.00
-49.00, 424.00, 104.00, 673.00, 651.00, 622.00
-53.00, 434.00, 125.00, 635.00, 614.00, 585.00
-52.00, 432.00, 118.00, 613.00, 592.00, 562.00
-48.00, 419.00, 110.00, 599.00, 579.00, 549.00
-51.00, 427.00, 132.00, 578.00, 559.00, 532.00
-52.00, 434.00, 145.00, 549.00, 532.00, 506.00
-59.00, 444.00, 167.00, 527.00, 514.00, 487.00
-55.00, 438.00, 157.00, 530.00, 517.00, 487.00
-49.00, 418.00, 155.00, 542.00, 527.00, 498.00
-53.00, 422.00, 179.00, 546.00, 530.00, 502.00
-57.00, 437.00, 196.00, 537.00, 523.00, 496.00
-60.00, 448.00, 211.00, 519.00, 505.00, 480.00
-58.00, 437.00, 216.00, 505.00, 492.00, 466.00
-52.00, 429.00, 200.00, 496.00, 484.00, 458.00
-58.00, 410.00, 203.00, 493.00, 481.00, 458.00
-56.00, 406.00, 196.00, 500.00, 489.00, 466.00
-57.00, 419.00, 204.00, 509.00, 499.00, 475.00
-52.00, 419.00, 223.00, 515.00, 504.00, 479.00
-59.00, 425.00, 226.00, 512.00, 499.00, 475.00
-59.00, 426.00, 227.00, 510.00, 497.00, 471.00
-58.00, 418.00, 223.00, 516.00, 505.00, 477.00
-54.00, 409.00, 222.00, 528.00, 518.00, 490.00
-58.00, 406.00, 225.00, 530.00, 520.00, 495.00
-57.00, 432.00, 237.00, 511.00, 499.00, 478.00
-57.00, 411.00, 230.00, 476.00, 463.00, 442.00
-54.00, 403.00, 222.00, 440.00, 428.00, 406.00
-49.00, 399.00, 222.00, 414.00, 401.00, 381.00
-57.00, 411.00, 235.00, 401.00, 389.00, 370.00
-58.00, 433.00, 246.00, 393.00, 382.00, 365.00
-54.00, 427.00, 244.00, 381.00, 371.00, 354.00
-54.00, 392.00, 230.00, 363.00, 354.00, 337.00
-52.00, 387.00, 224.00, 338.00, 329.00, 314.00
-57.00, 426.00, 251.00, 311.00, 302.00, 289.00
-58.00, 421.00, 250.00, 291.00, 282.00, 268.00
-54.00, 402.00, 241.00, 275.00, 267.00, 254.00
-52.00, 405.00, 243.00, 251.00, 243.00, 233.00
-55.00, 401.00, 236.00, 223.00, 216.00, 207.00
-56.00, 395.00, 236.00, 203.00, 197.00, 190.00
-57.00, 417.00, 259.00, 198.00, 194.00, 184.00
-51.00, 420.00, 257.00, 198.00, 194.00, 184.00
-56.00, 401.00, 248.00, 186.00, 182.00, 174.00
-63.00, 392.00, 246.00, 161.00, 157.00, 150.00
-53.00, 403.00, 242.00, 145.00, 141.00, 133.00
-58.00, 408.00, 258.00, 149.00, 145.00, 137.00
-53.00, 411.00, 255.00, 147.00, 143.00, 137.00
-62.00, 400.00, 246.00, 131.00, 127.00, 122.00
0.00, -16.00, 9.00, 118.00, 115.00, 109.00
0.00, 2.00, 7.00, 110.00, 107.00, 101.00
-6.00, 32.00, 30.00, 105.00, 102.00, 96.00
-3.00, 66.00, 37.00, 108.00, 105.00, 100.00
1.00, 77.00, 32.00, 106.00, 102.00, 98.00
-3.00, 25.00, 1.00, 98.00, 94.00, 88.00
-4.00, 1.00, 37.00, 80.00, 76.00, 70.00
2.00, 13.00, 57.00, 66.00, 62.00, 57.00
-3.00, 6.00, 75.00, 62.00, 56.00, 54.00
-5.00, 20.00, 91.00, 55.00, 51.00, 48.00
2.00, 28.00, 101.00, 46.00, 42.00, 39.00
-5.00, 36.00, 101.00, 31.00, 27.00, 26.00
2.00, 42.00, 119.00, 26.00, -24.00, -24.00
2.00, 39.00, 129.00, 24.00, -23.00, -22.00
5.00, 21.00, 147.00, 20.00, -20.00, -18.00
7.00, 11.00, 173.00, 36.00, -36.00, -34.00
13.00, -4.00, 200.00, 90.00, -91.00, -86.00
6.00, -7.00, 210.00, 190.00, -189.00, -181.00
10.00, 17.00, 206.00, 308.00, -303.00, -292.00
7.00, 30.00, 201.00, 415.00, -407.00, -390.00
13.00, -9.00, 222.00, 504.00, -493.00, -472.00
11.00, -30.00, 250.00, 568.00, -555.00, -531.00
14.00, -27.00, 261.00, 606.00, -593.00, -565.00
13.00, -12.00, 249.00, 633.00, -617.00, -587.00
5.00, -1.00, 245.00, 660.00, -643.00, -610.00
16.00, -30.00, 265.00, 694.00, -676.00, -641.00
14.00, -46.00, 279.00, 737.00, -720.00, -683.00
19.00, -61.00, 302.00, 779.00, -760.00, -723.00
14.00, -66.00, 304.00, 809.00, -789.00, -751.00
13.00, -41.00, 285.00, 817.00, -793.00, -758.00
15.00, -34.00, 287.00, 802.00, -777.00, -743.00
17.00, -67.00, 304.00, 782.00, -757.00, -723.00
20.00, -81.00, 322.00, 779.00, -756.00, -722.00
18.00, -90.00, 323.00, 789.00, -766.00, -733.00
14.00, -86.00, 322.00, 784.00, -760.00, -730.00
17.00, -78.00, 318.00, 761.00, -736.00, -705.00
19.00, -93.00, 321.00, 739.00, -714.00, -681.00
18.00, -109.00, 325.00, 727.00, -705.00, -673.00
23.00, -117.00, 342.00, 728.00, -709.00, -678.00
20.00, -130.00, 344.00, 729.00, -709.00, -680.00
20.00, -125.00, 336.00, 719.00, -696.00, -667.00
19.00, -119.00, 323.00, 687.00, -663.00, -635.00
24.00, -131.00, 331.00, 655.00, -631.00, -604.00
22.00, -151.00, 338.00, 642.00, -621.00, -594.00
23.00, -167.00, 348.00, 640.00, -623.00, -599.00
22.00, -168.00, 341.00, 641.00, -621.00, -599.00
24.00, -165.00, 338.00, 631.00, -610.00, -587.00
28.00, -193.00, 348.00, 611.00, -589.00, -565.00
29.00, -221.00, 364.00, 594.00, -574.00, -549.00
27.00, -232.00, 357.00, 586.00, -568.00, -544.00
29.00, -224.00, 350.00, 584.00, -566.00, -545.00
29.00, -236.00, 354.00, 584.00, -565.00, -545.00
33.00, -239.00, 358.00, 576.00, -556.00, -535.00
29.00, -264.00, 339.00, 561.00, -541.00, -519.00
30.00, -252.00, 331.00, 553.00, -534.00, -512.00
38.00, -234.00, 337.00, 558.00, -541.00, -519.00
36.00, -255.00, 349.00, 569.00, -552.00, -531.00
34.00, -242.00, 338.00, 579.00, -561.00, -540.00
21.00, -316.00, 305.00, 585.00, -566.00, -544.00
33.00, -309.00, 322.00, 596.00, -578.00, -556.00
35.00, -287.00, 329.00, 618.00, -600.00, -578.00
37.00, -299.00, 329.00, 635.00, -614.00, -592.00
39.00, -296.00, 324.00, 634.00, -611.00, -589.00
38.00, -336.00, 336.00, 628.00, -605.00, -580.00
24.00, -410.00, 316.00, 621.00, -599.00, -573.00
33.00, -344.00, 307.00, 612.00, -590.00, -564.00
34.00, -292.00, 291.00, 597.00, -576.00, -550.00
41.00, -315.00, 305.00, 579.00, -558.00, -533.00
41.00, -344.00, 319.00, 569.00, -547.00, -523.00
34.00, -356.00, 313.00, 566.00, -544.00, -522.00
34.00, -356.00, 313.00, 564.00, -542.00, -522.00
40.00, -371.00, 302.00, 571.00, -552.00, -531.00
40.00, -371.00, 302.00, 575.00, -557.00, -535.00
39.00, -363.00, 295.00, 574.00, -553.00, -531.00
44.00, -357.00, 291.00, 573.00, -553.00, -531.00
42.00, -372.00, 304.00, 578.00, -557.00, -539.00
33.00, -393.00, 290.00, 587.00, -566.00, -548.00
38.00, -373.00, 279.00, 576.00, -556.00, -536.00
48.00, -355.00, 274.00, 532.00, -511.00, -492.00
47.00, -385.00, 290.00, 492.00, -472.00, -452.00
39.00, -402.00, 286.00, 479.00, -462.00, -444.00
33.00, -407.00, 266.00, 480.00, -463.00, -448.00
32.00, -390.00, 253.00, 477.00, -459.00, -444.00
47.00, -386.00, 267.00, 465.00, -448.00, -431.00
45.00, -409.00, 274.00, 448.00, -432.00, -415.00
37.00, -398.00, 261.00, 431.00, -415.00, -398.00
41.00, -385.00, 253.00, 417.00, -400.00, -385.00
42.00, -397.00, 260.00, 409.00, -392.00, -379.00
43.00, -404.00, 260.00, 396.00, -379.00, -367.00
43.00, -401.00, 264.00, 377.00, -361.00, -347.00
47.00, -392.00, 263.00, 363.00, -348.00, -336.00
44.00, -398.00, 263.00, 359.00, -344.00, -334.00
43.00, -392.00, 258.00, 350.00, -333.00, -326.00
40.00, -397.00, 259.00, 330.00, -312.00, -305.00
47.00, -388.00, 258.00, 304.00, -290.00, -280.00
47.00, -394.00, 267.00, 287.00, -276.00, -266.00
41.00, -425.00, 265.00, 274.00, -262.00, -254.00
36.00, -411.00, 253.00, 253.00, -241.00, -234.00
46.00, -399.00, 258.00, 233.00, -223.00, -216.00
44.00, -390.00, 255.00, 222.00, -214.00, -206.00
5.00, -52.00, 46.00, 210.00, -202.00, -195.00
3.00, -48.00, 37.00, 197.00, -188.00, -181.00
3.00, 8.00, 26.00, 182.00, -174.00, -168.00
2.00, 18.00, 35.00, 170.00, -164.00, -159.00
5.00, 7.00, 65.00, 160.00, -154.00, -150.00
5.00, 7.00, 65.00, 154.00, -147.00, -143.00
2.00, 74.00, 54.00, 146.00, -140.00, -136.00
2.00, 74.00, 54.00, 144.00, -139.00, -136.00
-11.00, 96.00, 52.00, 142.00, -137.00, -133.00
-7.00, 119.00, 53.00, 129.00, -124.00, -119.00
-11.00, 152.00, 56.00, 112.00, -108.00, -102.00
-8.00, 172.00, 69.00, 95.00, -92.00, -87.00
-9.00, 198.00, 68.00, 83.00, -80.00, -76.00
-15.00, 216.00, 70.00, 30.00, 30.00, 28.00
-12.00, 215.00, 84.00, 64.00, 65.00, 61.00
-12.00, 225.00, 77.00, 132.00, 133.00, 127.00
-19.00, 258.00, 61.00, 228.00, 227.00, 218.00
-15.00, 291.00, 48.00, 324.00, 321.00, 307.00
-25.00, 304.00, 42.00, 418.00, 410.00, 392.00
-26.00, 317.00, 36.00, 525.00, 515.00, 490.00
-28.00, 341.00, 27.00, 641.00, 628.00, 596.00
-22.00, 335.00, 43.00, 752.00, 737.00, 698.00
-25.00, 318.00, 35.00, 846.00, 827.00, 789.00
-37.00, 364.00, 10.00, 924.00, 901.00, 858.00
-25.00, 385.00, 8.00, 980.00, 954.00, 908.00
-26.00, 382.00, 1.00, 1017.00, 988.00, 941.00
-33.00, 368.00, 1.00, 1039.00, 1011.00, 961.00
-39.00, 378.00, 24.00, 1050.00, 1020.00, 972.00
-43.00, 401.00, 35.00, 1061.00, 1031.00, 982.00
-44.00, 421.00, 53.00, 1080.00, 1051.00, 1001.00
-33.00, 399.00, 40.00, 1093.00, 1064.00, 1017.00
-40.00, 371.00, 32.00, 1097.00, 1068.00, 1019.00
-47.00, 386.00, 59.00, 1093.00, 1063.00, 1012.00
-40.00, 422.00, 73.00, 1075.00, 1043.00, 995.00
-40.00, 427.00, 89.00, 1045.00, 1013.00, 969.00
-43.00, 409.00, 107.00, 1014.00, 984.00, 940.00
-54.00, 429.00, 115.00, 998.00, 972.00, 927.00
-46.00, 439.00, 118.00, 989.00, 961.00, 920.00
-41.00, 425.00, 111.00, 970.00, 942.00, 901.00
-45.00, 415.00, 130.00, 946.00, 919.00, 873.00
-54.00, 422.00, 153.00, 924.00, 899.00, 853.00
-53.00, 449.00, 164.00, 912.00, 888.00, 844.00
-43.00, 450.00, 148.00, 899.00, 874.00, 833.00
-46.00, 436.00, 162.00, 870.00, 844.00, 805.00
-44.00, 434.00, 164.00, 832.00, 808.00, 768.00
-46.00, 426.00, 172.00, 815.00, 793.00, 752.00
-54.00, 433.00, 185.00, 817.00, 795.00, 757.00
-52.00, 449.00, 193.00, 818.00, 797.00, 762.00
-51.00, 454.00, 192.00, 807.00, 787.00, 751.00
-47.00, 437.00, 191.00, 794.00, 775.00, 738.00
-46.00, 413.00, 187.00, 781.00, 760.00, 726.00
-47.00, 425.00, 194.00, 764.00, 743.00, 708.00
-44.00, 433.00, 199.00, 746.00, 725.00, 690.00
-41.00, 434.00, 201.00, 730.00, 710.00, 677.00
-44.00, 411.00, 202.00, 716.00, 697.00, 665.00
-48.00, 414.00, 210.00, 696.00, 678.00, 647.00
-53.00, 429.00, 222.00, 670.00, 654.00, 622.00
-50.00, 438.00, 231.00, 644.00, 629.00, 597.00
-45.00, 421.00, 214.00, 619.00, 603.00, 576.00
-46.00, 391.00, 206.00, 601.00, 585.00, 558.00
-41.00, 401.00, 213.00, 587.00, 572.00, 544.00
-49.00, 435.00, 226.00, 565.00, 550.00, 524.00
-50.00, 439.00, 229.00, 527.00, 513.00, 490.00
-45.00, 402.00, 200.00, 480.00, 467.00, 447.00
-38.00, 358.00, 191.00, 442.00, 431.00, 410.00
-48.00, 411.00, 232.00, 420.00, 408.00, 388.00
-53.00, 466.00, 267.00, 400.00, 390.00, 370.00
-43.00, 437.00, 249.00, 375.00, 367.00, 349.00
-47.00, 371.00, 226.00, 354.00, 347.00, 329.00
-45.00, 379.00, 233.00, 343.00, 336.00, 319.00
-42.00, 420.00, 254.00, 334.00, 325.00, 310.00
-43.00, 419.00, 258.00, 311.00, 301.00, 287.00
-41.00, 408.00, 251.00, 275.00, 265.00, 253.00
-45.00, 405.00, 254.00, 252.00, 243.00, 231.00
-46.00, 398.00, 251.00, 251.00, 243.00, 231.00
-43.00, 404.00, 251.00, 249.00, 242.00, 231.00
-46.00, 400.00, 258.00, 230.00, 224.00, 214.00
-42.00, 393.00, 250.00, 209.00, 206.00, 195.00
-43.00, 408.00, 260.00, 227.00, 225.00, 209.00
-45.00, 413.00, 265.00, 270.00, 268.00, 254.00
-44.00, 402.00, 253.00, 284.00, 280.00, 269.00
-42.00, 387.00, 246.00, 253.00, 249.00, 239.00
-43.00, 395.00, 259.00, 228.00, 224.00, 213.00
-40.00, 416.00, 264.00, 235.00, 229.00, 218.00
-46.00, 407.00, 266.00, 248.00, 241.00, 230.00
-41.00, 390.00, 249.00, 242.00, 236.00, 226.00
-43.00, 388.00, 256.00, 229.00, 224.00, 214.00
-43.00, 404.00, 265.00, 214.00, 209.00, 199.00
-42.00, 408.00, 265.00, 199.00, 194.00, 185.00
-41.00, 401.00, 259.00, 186.00, 181.00, 173.00
-41.00, 401.00, 259.00, 175.00, 170.00, 162.00
-41.00, 394.00, 254.00, 170.00, 165.00, 156.00
-40.00, 408.00, 261.00, 169.00, 164.00, 155.00
-40.00, 408.00, 261.00, 154.00, 151.00, 144.00
-44.00, 401.00, 257.00, 133.00, 131.00, 126.00
-41.00, 399.00, 251.00, 120.00, 118.00, 112.00
-40.00, 396.00, 254.00, 120.00, 116.00, 110.00
-42.00, 400.00, 258.00, 116.00, 113.00, 107.00
-41.00, 407.00, 257.00, 99.00, 97.00, 92.00
-40.00, 390.00, 252.00, 81.00, 79.00, 76.00
-0.00, 10.00, 5.00, 74.00, 73.00, 69.00
-2.00, 41.00, 20.00, 73.00, 71.00, 68.00
-2.00, 64.00, 35.00, 66.00, 64.00, 62.00
3.00, 86.00, 15.00, 55.00, 53.00, 51.00
-6.00, 45.00, 6.00, 47.00, 45.00, 43.00
-9.00, 10.00, 42.00, 44.00, 42.00, 39.00
-9.00, 10.00, 63.00, 40.00, 39.00, 36.00
5.00, 12.00, 96.00, 33.00, 31.00, 28.00
-0.00, -9.00, 129.00, 26.00, 25.00, 23.00
12.00, 19.00, 145.00, 25.00, 24.00, 22.00
7.00, 10.00, 167.00, 25.00, 25.00, 23.00
6.00, 16.00, 177.00, 23.00, 23.00, 22.00
9.00, 10.00, 194.00, 18.00, 18.00, 16.00
4.00, -9.00, 213.00, 18.00, 19.00, 17.00
9.00, 12.00, 209.00, 37.00, -38.00, -36.00
6.00, -10.00, 231.00, 43.00, -44.00, -41.00
11.00, -40.00, 265.00, 59.00, -60.00, -55.00
7.00, -37.00, 265.00, 110.00, -110.00, -102.00
9.00, -26.00, 267.00, 213.00, -209.00, -198.00
9.00, -27.00, 266.00, 356.00, -348.00, -335.00
9.00, -43.00, 281.00, 504.00, -494.00, -474.00
14.00, -78.00, 307.00, 630.00, -619.00, -592.00
19.00, -111.00, 328.00, 732.00, -719.00, -686.00
12.00, -107.00, 328.00, 811.00, -794.00, -759.00
11.00, -92.00, 319.00, 866.00, -847.00, -809.00
9.00, -94.00, 312.00, 903.00, -879.00, -840.00
15.00, -96.00, 318.00, 927.00, -903.00, -864.00
20.00, -135.00, 334.00, 949.00, -924.00, -885.00
19.00, -148.00, 347.00, 962.00, -937.00, -898.00
15.00, -147.00, 340.00, 969.00, -943.00, -905.00
14.00, -156.00, 337.00, 988.00, -961.00, -920.00
13.00, -140.00, 330.00, 998.00, -972.00, -934.00
13.00, -140.00, 330.00, 987.00, -959.00, -924.00
16.00, -154.00, 321.00, 973.00, -943.00, -907.00
21.00, -166.00, 333.00, 961.00, -932.00, -895.00
16.00, -195.00, 344.00, 964.00, -936.00, -900.00
16.00, -209.00, 347.00, 975.00, -950.00, -913.00
19.00, -208.00, 353.00, 975.00, -948.00, -912.00
18.00, -206.00, 347.00, 950.00, -918.00, -884.00
20.00, -211.00, 342.00, 910.00, -877.00, -843.00
19.00, -206.00, 342.00, 873.00, -842.00, -808.00
25.00, -240.00, 352.00, 850.00, -821.00, -789.00
23.00, -234.00, 348.00, 841.00, -814.00, -785.00
19.00, -236.00, 345.00, 826.00, -798.00, -772.00
21.00, -243.00, 346.00, 800.00, -770.00, -744.00
22.00, -254.00, 345.00, 765.00, -735.00, -707.00
26.00, -271.00, 347.00, 727.00, -699.00, -672.00
26.00, -259.00, 351.00, 701.00, -677.00, -651.00
21.00, -256.00, 335.00, 692.00, -670.00, -645.00
24.00, -242.00, 323.00, 690.00, -668.00, -644.00
22.00, -269.00, 333.00, 680.00, -658.00, -633.00
25.00, -290.00, 342.00, 660.00, -637.00, -613.00
27.00, -280.00, 341.00, 635.00, -612.00, -589.00
25.00, -273.00, 326.00, 613.00, -591.00, -567.00
28.00, -278.00, 329.00, 593.00, -573.00, -550.00
26.00, -314.00, 332.00, 582.00, -563.00, -540.00
26.00, -324.00, 336.00, 565.00, -546.00, -526.00
25.00, -310.00, 322.00, 545.00, -525.00, -506.00
29.00, -310.00, 328.00, 525.00, -506.00, -486.00
31.00, -308.00, 333.00, 508.00, -491.00, -472.00
28.00, -330.00, 322.00, 492.00, -476.00, -455.00
25.00, -339.00, 318.00, 469.00, -452.00, -434.00
32.00, -311.00, 318.00, 443.00, -426.00, -409.00
34.00, -312.00, 319.00, 423.00, -407.00, -391.00
31.00, -317.00, 319.00, 418.00, -404.00, -388.00
30.00, -321.00, 319.00, 418.00, -407.00, -390.00
23.00, -360.00, 307.00, 412.00, -399.00, -384.00
26.00, -392.00, 312.00, 403.00, -389.00, -375.00
35.00, -331.00, 308.00, 403.00, -389.00, -374.00
35.00, -329.00, 306.00, 410.00, -397.00, -383.00
32.00, -335.00, 305.00, 411.00, -398.00, -383.00
32.00, -349.00, 310.00, 399.00, -386.00, -371.00
25.00, -367.00, 293.00, 385.00, -373.00, -357.00
32.00, -372.00, 289.00, 374.00, -363.00, -347.00
36.00, -355.00, 288.00, 365.00, -353.00, -339.00
34.00, -366.00, 290.00, 352.00, -340.00, -327.00
34.00, -367.00, 286.00, 334.00, -323.00, -310.00
31.00, -365.00, 284.00, 321.00, -310.00, -298.00
33.00, -375.00, 286.00, 317.00, -305.00, -295.00
36.00, -387.00, 283.00, 319.00, -306.00, -296.00
32.00, -400.00, 267.00, 324.00, -313.00, -302.00
34.00, -371.00, 265.00, 326.00, -317.00, -303.00
39.00, -380.00, 275.00, 311.00, -301.00, -288.00
38.00, -390.00, 279.00, 293.00, -282.00, -270.00
37.00, -386.00, 264.00, 286.00, -275.00, -264.00
37.00, -390.00, 265.00, 284.00, -274.00, -266.00
38.00, -402.00, 265.00, 287.00, -276.00, -267.00
41.00, -412.00, 271.00, 283.00, -274.00, -263.00
40.00, -402.00, 266.00, 278.00, -270.00, -259.00
43.00, -383.00, 257.00, 276.00, -268.00, -258.00
40.00, -402.00, 262.00, 275.00, -265.00, -257.00
38.00, -416.00, 264.00, 274.00, -264.00, -257.00
38.00, -398.00, 245.00, 277.00, -268.00, -260.00
40.00, -411.00, 249.00, 282.00, -274.00, -266.00
38.00, -409.00, 255.00, 283.00, -274.00, -266.00
41.00, -403.00, 250.00, 277.00, -269.00, -261.00
42.00, -396.00, 249.00, 271.00, -263.00, -255.00
39.00, -414.00, 250.00, 270.00, -262.00, -254.00
42.00, -409.00, 241.00, 266.00, -258.00, -251.00
41.00, -406.00, 250.00, 264.00, -255.00, -248.00
4.00, 6.00, 1.00, 263.00, -255.00, -248.00
4.00, -30.00, 15.00, 263.00, -254.00, -248.00
2.00, -40.00, 27.00, 256.00, -247.00, -240.00
-2.00, -62.00, 37.00, 243.00, -234.00, -225.00
-2.00, -57.00, 40.00, 231.00, -223.00, -216.00
-3.00, -12.00, 26.00, 227.00, -219.00, -211.00
5.00, 31.00, 34.00, 214.00, -205.00, -197.00
3.00, 43.00, 46.00, 198.00, -190.00, -183.00
5.00, 49.00, 48.00, 188.00, -181.00, -174.00
-3.00, 84.00, 46.00, 173.00, -166.00, -159.00
-3.00, 111.00, 45.00, 157.00, -151.00, -144.00
-11.00, 129.00, 59.00, 144.00, -139.00, -134.00
1.00, 94.00, 87.00, 134.00, -129.00, -124.00
-9.00, 103.00, 84.00, 120.00, -116.00, -111.00
-14.00, 155.00, 64.00, 106.00, -103.00, -99.00
-11.00, 177.00, 75.00, 31.00, 30.00, 30.00
-14.00, 183.00, 88.00, 34.00, 33.00, 32.00
-10.00, 182.00, 95.00, 45.00, 43.00, 42.00
-19.00, 198.00, 84.00, 75.00, 75.00, 73.00
-23.00, 219.00, 74.00, 135.00, 134.00, 133.00
-17.00, 235.00, 91.00, 230.00, 228.00, 224.00
-18.00, 253.00, 84.00, 340.00, 335.00, 329.00
-16.00, 272.00, 67.00, 445.00, 435.00, 425.00
-27.00, 295.00, 56.00, 537.00, 524.00, 509.00
-27.00, 299.00, 70.00, 621.00, 606.00, 587.00
-27.00, 286.00, 97.00, 693.00, 676.00, 653.00
-23.00, 280.00, 96.00, 743.00, 723.00, 698.00
-27.00, 301.00, 68.00, 771.00, 748.00, 719.00
-35.00, 341.00, 41.00, 792.00, 768.00, 736.00
-38.00, 353.00, 39.00, 826.00, 804.00, 770.00
-37.00, 332.00, 56.00, 855.00, 832.00, 801.00
-37.00, 325.00, 57.00, 870.00, 843.00, 812.00
-39.00, 359.00, 28.00, 876.00, 850.00, 814.00
-38.00, 377.00, 18.00, 885.00, 859.00, 820.00
-41.00, 365.00, 16.00, 894.00, 869.00, 832.00
-42.00, 367.00, 11.00, 898.00, 873.00, 839.00
-54.00, 388.00, 6.00, 904.00, 879.00, 845.00
-52.00, 400.00, 16.00, 913.00, 887.00, 850.00
-46.00, 411.00, 27.00, 916.00, 888.00, 845.00
-47.00, 393.00, 20.00, 896.00, 868.00, 826.00
-50.00, 410.00, 35.00, 861.00, 832.00, 794.00
-50.00, 425.00, 54.00, 830.00, 802.00, 764.00
-49.00, 435.00, 60.00, 819.00, 794.00, 755.00
-53.00, 431.00, 71.00, 826.00, 803.00, 762.00
-55.00, 411.00, 65.00, 826.00, 801.00, 763.00
-56.00, 423.00, 76.00, 806.00, 782.00, 744.00
-45.00, 430.00, 81.00, 779.00, 755.00, 718.00
-58.00, 432.00, 96.00, 771.00, 749.00, 710.00
-61.00, 444.00, 110.00, 774.00, 752.00, 714.00
-56.00, 440.00, 107.00, 770.00, 748.00, 712.00
-46.00, 427.00, 92.00, 760.00, 738.00, 701.00
-55.00, 425.00, 101.00, 754.00, 733.00, 694.00
-61.00, 435.00, 122.00, 757.00, 736.00, 699.00
-59.00, 447.00, 130.00, 755.00, 734.00, 701.00
-52.00, 430.00, 124.00, 742.00, 721.00, 690.00
-59.00, 426.00, 137.00, 722.00, 702.00, 671.00
-61.00, 442.00, 153.00, 713.00, 693.00, 661.00
-59.00, 451.00, 170.00, 711.00, 692.00, 660.00
-59.00, 451.00, 170.00, 704.00, 685.00, 653.00
-55.00, 403.00, 149.00, 683.00, 664.00, 633.00
-55.00, 403.00, 149.00, 657.00, 638.00, 608.00
-61.00, 420.00, 172.00, 640.00, 620.00, 592.00
-67.00, 450.00, 200.00, 630.00, 611.00, 584.00
-61.00, 452.00, 207.00, 624.00, 606.00, 578.00
-57.00, 415.00, 191.00, 609.00, 591.00, 565.00
-57.00, 419.00, 194.00, 584.00, 566.00, 544.00
-60.00, 416.00, 206.00, 559.00, 542.00, 518.00
-63.00, 426.00, 221.00, 546.00, 532.00, 505.00
-63.00, 416.00, 239.00, 546.00, 531.00, 506.00
-55.00, 431.00, 237.00, 545.00, 529.00, 505.00
-61.00, 404.00, 233.00, 538.00, 521.00, 497.00
-60.00, 400.00, 241.00, 537.00, 522.00, 495.00
-64.00, 401.00, 262.00, 541.00, 527.00, 500.00
-55.00, 403.00, 261.00, 537.00, 522.00, 498.00
-57.00, 381.00, 257.00, 520.00, 505.00, 483.00
-66.00, 386.00, 277.00, 509.00, 495.00, 471.00
-63.00, 390.00, 279.00, 519.00, 506.00, 480.00
-61.00, 403.00, 289.00, 534.00, 520.00, 495.00
-59.00, 386.00, 280.00, 529.00, 512.00, 491.00
-64.00, 379.00, 282.00, 506.00, 489.00, 468.00
-58.00, 380.00, 283.00, 489.00, 474.00, 452.00
-57.00, 378.00, 285.00, 484.00, 469.00, 446.00
-61.00, 385.00, 295.00, 489.00, 474.00, 452.00
-57.00, 382.00, 293.00, 497.00, 480.00, 459.00
-59.00, 378.00, 291.00, 497.00, 480.00, 459.00
-57.00, 358.00, 284.00, 488.00, 473.00, 450.00
-57.00, 381.00, 309.00, 485.00, 469.00, 446.00
-60.00, 393.00, 315.00, 486.00, 470.00, 449.00
-60.00, 363.00, 300.00, 486.00, 471.00, 451.00
-58.00, 360.00, 298.00, 482.00, 468.00, 445.00
-54.00, 369.00, 297.00, 482.00, 469.00, 446.00
-57.00, 368.00, 303.00, 482.00, 467.00, 446.00
-59.00, 367.00, 307.00, 471.00, 457.00, 437.00
-55.00, 374.00, 310.00, 447.00, 434.00, 415.00
-57.00, 363.00, 306.00, 419.00, 407.00, 388.00
-61.00, 368.00, 307.00, 394.00, 383.00, 367.00
-55.00, 359.00, 302.00, 370.00, 360.00, 345.00
-51.00, 360.00, 302.00, 354.00, 344.00, 330.00
-56.00, 365.00, 313.00, 335.00, 326.00, 313.00
-57.00, 369.00, 312.00, 312.00, 304.00, 291.00
1.00, 1.00, 3.00, 294.00, 286.00, 273.00
-2.00, 5.00, 2.00, 291.00, 283.00, 271.00
-0.00, -0.00, 5.00, 285.00, 277.00, 265.00
-0.00, -4.00, 3.00, 261.00, 254.00, 242.00
1.00, 8.00, 6.00, 241.00, 234.00, 224.00
1.00, -3.00, 3.00, 230.00, 223.00, 214.00
3.00, -5.00, 5.00, 221.00, 214.00, 205.00
-0.00, 6.00, 7.00, 212.00, 206.00, 197.00
-0.00, 10.00, 8.00, 201.00, 195.00, 187.00
-0.00, -4.00, 3.00, 188.00, 183.00, 175.00
-0.00, -10.00, 4.00, 173.00, 168.00, 161.00
-0.00, 8.00, 11.00, 158.00, 153.00, 148.00
2.00, 9.00, 8.00, 147.00, 142.00, 137.00
-0.00, -9.00, 4.00, 142.00, 138.00, 132.00
2.00, -2.00, 1.00, 133.00, 129.00, 123.00
-4.00, 16.00, 10.00, 116.00, 111.00, 108.00
-4.00, 16.00, 10.00, 27.00, -26.00, -25.00
-2.00, 32.00, 26.00, 24.00, -23.00, -22.00
-3.00, 76.00, 48.00, 23.00, -22.00, -21.00
-1.00, 96.00, 43.00, 26.00, -24.00, -22.00
-14.00, 70.00, 20.00, 25.00, -24.00, -22.00
-10.00, 27.00, 20.00, 22.00, -20.00, -19.00
-12.00, 23.00, 64.00, 23.00, -22.00, -21.00
-2.00, 38.00, 92.00, 23.00, -22.00, -21.00
6.00, 45.00, 129.00, 17.00, -16.00, -15.00
6.00, 62.00, 141.00, 15.00, -15.00, -14.00
-3.00, 66.00, 164.00, 22.00, -21.00, -20.00
6.00, 67.00, 185.00, 23.00, -22.00, -21.00
13.00, 63.00, 208.00, 15.00, -15.00, -14.00
16.00, 45.00, 245.00, 16.00, -16.00, -15.00
19.00, 16.00, 283.00, 23.00, -22.00, -22.00
9.00, 15.00, 294.00, 25.00, -24.00, -23.00
11.00, 50.00, 287.00, 21.00, -21.00, -21.00
13.00, 29.00, 298.00, 29.00, -28.00, -27.00
11.00, 5.00, 314.00, 62.00, -60.00, -56.00
20.00, -34.00, 347.00, 148.00, -143.00, -135.00
16.00, -41.00, 355.00, 299.00, -287.00, -276.00
18.00, -38.00, 369.00, 482.00, -466.00, -447.00
20.00, -43.00, 370.00, 659.00, -640.00, -612.00
29.00, -52.00, 364.00, 806.00, -787.00, -748.00
37.00, -68.00, 380.00, 922.00, -902.00, -856.00
32.00, -72.00, 383.00, 1010.00, -987.00, -937.00
33.00, -97.00, 399.00, 1081.00, -1054.00, -1000.00
31.00, -97.00, 397.00, 1137.00, -1109.00, -1053.00
29.00, -125.00, 385.00, 1186.00, -1159.00, -1101.00
34.00, -120.00, 376.00, 1234.00, -1206.00, -1149.00
40.00, -148.00, 398.00, 1270.00, -1240.00, -1185.00
38.00, -178.00, 417.00, 1280.00, -1245.00, -1192.00
30.00, -171.00, 407.00, 1260.00, -1223.00, -1171.00
30.00, -190.00, 382.00, 1245.00, -1210.00, -1156.00
37.00, -173.00, 391.00, 1244.00, -1212.00, -1160.00
39.00, -195.00, 393.00, 1250.00, -1217.00, -1166.00
36.00, -195.00, 387.00, 1250.00, -1216.00, -1163.00
35.00, -189.00, 369.00, 1231.00, -1194.00, -1140.00
39.00, -204.00, 379.00, 1201.00, -1165.00, -1109.00
40.00, -227.00, 387.00, 1165.00, -1131.00, -1079.00
42.00, -224.00, 388.00, 1143.00, -1110.00, -1059.00
40.00, -228.00, 391.00, 1119.00, -1084.00, -1039.00
42.00, -243.00, 389.00, 1096.00, -1061.00, -1018.00
45.00, -221.00, 379.00, 1069.00, -1033.00, -993.00
46.00, -244.00, 383.00, 1038.00, -1001.00, -962.00
52.00, -261.00, 388.00, 1004.00, -969.00, -931.00
50.00, -266.00, 385.00, 977.00, -945.00, -908.00
52.00, -270.00, 384.00, 961.00, -929.00, -895.00
54.00, -284.00, 375.00, 931.00, -898.00, -866.00
55.00, -288.00, 376.00, 886.00, -853.00, -823.00
55.00, -311.00, 387.00, 842.00, -811.00, -777.00
53.00, -309.00, 374.00, 802.00, -773.00, -743.00
54.00, -307.00, 379.00, 763.00, -735.00, -706.00
51.00, -340.00, 366.00, 720.00, -694.00, -668.00
55.00, -314.00, 357.00, 688.00, -665.00, -640.00
54.00, -289.00, 341.00, 671.00, -651.00, -627.00
59.00, -297.00, 357.00, 657.00, -638.00, -614.00
56.00, -313.00, 359.00, 640.00, -622.00, -601.00
42.00, -359.00, 344.00, 628.00, -610.00, -590.00
54.00, -354.00, 334.00, 617.00, -599.00, -578.00
67.00, -300.00, 345.00, 614.00, -595.00, -574.00
59.00, -321.00, 351.00, 621.00, -604.00, -583.00
56.00, -306.00, 340.00, 631.00, -614.00, -594.00
56.00, -311.00, 347.00, 639.00, -621.00, -599.00
49.00, -356.00, 331.00, 643.00, -624.00, -602.00
58.00, -334.00, 325.00, 647.00, -629.00, -607.00
64.00, -328.00, 338.00, 651.00, -631.00, -610.00
61.00, -314.00, 330.00, 647.00, -626.00, -606.00
59.00, -335.00, 327.00, 632.00, -612.00, -589.00
52.00, -361.00, 312.00, 612.00, -593.00, -568.00
58.00, -371.00, 318.00, 581.00, -562.00, -537.00
65.00, -347.00, 326.00, 537.00, -518.00, -494.00
66.00, -340.00, 319.00, 503.00, -487.00, -463.00
56.00, -358.00, 317.00, 483.00, -468.00, -446.00
58.00, -359.00, 310.00, 465.00, -450.00, -430.00
61.00, -358.00, 316.00, 441.00, -427.00, -406.00
69.00, -359.00, 314.00, 403.00, -392.00, -371.00
58.00, -354.00, 316.00, 370.00, -358.00, -340.00
61.00, -346.00, 305.00, 343.00, -331.00, -316.00
60.00, -358.00, 312.00, 322.00, -311.00, -298.00
70.00, -340.00, 303.00, 312.00, -301.00, -288.00
70.00, -343.00, 308.00, 302.00, -293.00, -279.00
65.00, -361.00, 320.00, 286.00, -279.00, -266.00
65.00, -361.00, 320.00, 277.00, -269.00, -257.00
2.00, -35.00, 16.00, 272.00, -262.00, -253.00
1.00, -60.00, 47.00, 275.00, -265.00, -258.00
-3.00, -20.00, 23.00, 278.00, -269.00, -261.00
-3.00, 57.00, 8.00, 275.00, -267.00, -258.00
2.00, 58.00, 12.00, 266.00, -257.00, -248.00
3.00, -9.00, 65.00, 257.00, -247.00, -240.00
5.00, -16.00, 70.00, 251.00, -242.00, -236.00
-2.00, 10.00, 54.00, 239.00, -230.00, -223.00
-6.00, 61.00, 52.00, 223.00, -215.00, -207.00
-2.00, 66.00, 56.00, 206.00, -199.00, -191.00
5.00, 88.00, 59.00, 187.00, -179.00, -173.00
-1.00, 116.00, 61.00, 168.00, -161.00, -153.00
-19.00, 152.00, 50.00, 152.00, -147.00, -139.00
-25.00, 192.00, 49.00, 137.00, -132.00, -125.00
-20.00, 209.00, 59.00, 129.00, -126.00, -121.00
-10.00, 204.00, 74.00, 126.00, -122.00, -119.00
-11.00, 199.00, 92.00, 116.00, -111.00, -106.00
-18.00, 208.00, 81.00, 26.00, 26.00, 25.00
-30.00, 244.00, 79.00, 44.00, 44.00, 42.00
-29.00, 239.00, 87.00, 108.00, 108.00, 105.00
-22.00, 236.00, 98.00, 187.00, 188.00, 181.00
-19.00, 259.00, 81.00, 267.00, 264.00, 255.00
-28.00, 289.00, 64.00, 308.00, 300.00, 289.00
-36.00, 298.00, 62.00, 337.00, 327.00, 313.00
-35.00, 294.00, 66.00, 395.00, 387.00, 369.00
-28.00, 278.00, 81.00, 483.00, 475.00, 455.00
-31.00, 295.00, 59.00, 585.00, 576.00, 552.00
-42.00, 350.00, 14.00, 678.00, 664.00, 640.00
-46.00, 364.00, 11.00, 764.00, 747.00, 716.00
-42.00, 358.00, 14.00, 839.00, 821.00, 782.00
-46.00, 340.00, 8.00, 902.00, 883.00, 841.00
-46.00, 364.00, 4.00, 948.00, 925.00, 884.00
-51.00, 400.00, 30.00, 961.00, 933.00, 896.00
-54.00, 403.00, 42.00, 947.00, 916.00, 877.00
-50.00, 391.00, 37.00, 925.00, 896.00, 852.00
-59.00, 390.00, 52.00, 908.00, 881.00, 836.00
-50.00, 397.00, 65.00, 889.00, 863.00, 822.00
-57.00, 435.00, 94.00, 865.00, 840.00, 801.00
-57.00, 435.00, 94.00, 846.00, 822.00, 787.00
-62.00, 435.00, 100.00, 849.00, 826.00, 787.00
-61.00, 419.00, 92.00, 854.00, 833.00, 793.00
-61.00, 411.00, 102.00, 849.00, 828.00, 791.00
-59.00, 423.00, 110.00, 840.00, 818.00, 781.00
-59.00, 434.00, 125.00, 836.00, 814.00, 776.00
-63.00, 432.00, 134.00, 854.00, 835.00, 793.00
-64.00, 426.00, 148.00, 887.00, 869.00, 827.00
-62.00, 423.00, 149.00, 906.00, 886.00, 848.00
-67.00, 422.00, 157.00, 911.00, 888.00, 848.00
-63.00, 429.00, 165.00, 907.00, 884.00, 841.00
-65.00, 438.00, 175.00, 907.00, 885.00, 843.00
-67.00, 424.00, 182.00, 917.00, 895.00, 852.00
-69.00, 419.00, 195.00, 923.00, 901.00, 860.00
-64.00, 442.00, 202.00, 918.00, 895.00, 855.00
-66.00, 441.00, 198.00, 909.00, 886.00, 844.00
-64.00, 409.00, 177.00, 899.00, 875.00, 835.00
-67.00, 392.00, 192.00, 892.00, 867.00, 826.00
-69.00, 423.00, 226.00, 879.00, 854.00, 813.00
-68.00, 457.00, 227.00, 854.00, 828.00, 789.00
-69.00, 421.00, 205.00, 827.00, 802.00, 763.00
-64.00, 405.00, 195.00, 803.00, 779.00, 742.00
-57.00, 394.00, 208.00, 786.00, 763.00, 726.00
-64.00, 410.00, 226.00, 772.00, 749.00, 712.00
-68.00, 436.00, 235.00, 755.00, 732.00, 697.00
-64.00, 403.00, 221.00, 732.00, 709.00, 675.00
-70.00, 396.00, 230.00, 709.00, 687.00, 653.00
-70.00, 406.00, 248.00, 685.00, 664.00, 632.00
-66.00, 418.00, 250.00, 663.00, 642.00, 612.00
-69.00, 417.00, 250.00, 639.00, 618.00, 590.00
-70.00, 401.00, 239.00, 615.00, 594.00, 567.00
-66.00, 397.00, 244.00, 590.00, 569.00, 543.00
-64.00, 408.00, 246.00, 553.00, 533.00, 509.00
-68.00, 409.00, 239.00, 505.00, 486.00, 463.00
-67.00, 400.00, 239.00, 469.00, 452.00, 430.00
-66.00, 406.00, 246.00, 456.00, 441.00, 421.00
-65.00, 411.00, 252.00, 446.00, 430.00, 412.00
-64.00, 405.00, 243.00, 415.00, 400.00, 383.00
-66.00, 402.00, 239.00, 379.00, 365.00, 348.00
-66.00, 405.00, 245.00, 356.00, 343.00, 327.00
-65.00, 411.00, 248.00, 353.00, 341.00, 323.00
-65.00, 412.00, 250.00, 358.00, 346.00, 328.00
-64.00, 404.00, 243.00, 349.00, 337.00, 319.00
-66.00, 404.00, 243.00, 337.00, 326.00, 308.00
-68.00, 408.00, 249.00, 332.00, 322.00, 306.00
-65.00, 408.00, 247.00, 327.00, 318.00, 302.00
-67.00, 395.00, 241.00, 314.00, 304.00, 290.00
-66.00, 405.00, 245.00, 287.00, 277.00, 265.00
-68.00, 401.00, 244.00, 259.00, 248.00, 238.00
-67.00, 403.00, 243.00, 236.00, 226.00, 218.00
-64.00, 405.00, 251.00, 216.00, 207.00, 199.00
-67.00, 402.00, 248.00, 195.00, 188.00, 180.00
-68.00, 397.00, 242.00, 179.00, 173.00, 167.00
-67.00, 402.00, 240.00, 163.00, 159.00, 154.00
-64.00, 399.00, 239.00, 146.00, 141.00, 137.00
-67.00, 405.00, 249.00, 128.00, 124.00, 120.00
-67.00, 405.00, 246.00, 116.00, 112.00, 108.00
-67.00, 399.00, 237.00, 108.00, 104.00, 100.00
-66.00, 398.00, 237.00, 99.00, 95.00, 92.00
-66.00, 408.00, 246.00, 88.00, 85.00, 82.00
-69.00, 407.00, 250.00, 78.00, 75.00, 71.00
-64.00, 400.00, 244.00, 71.00, 68.00, 65.00
0.00, 19.00, 1.00, 65.00, 62.00, 59.00
3.00, -20.00, 30.00, 54.00, 51.00, 50.00
0.00, -8.00, 20.00, 49.00, 46.00, 43.00
-2.00, 38.00, 7.00, 46.00, 43.00, 41.00
1.00, 54.00, 15.00, 43.00, 41.00, 38.00
-5.00, 54.00, 8.00, 42.00, 40.00, 38.00
-2.00, 34.00, 37.00, 40.00, 37.00, 35.00
0.00, -61.00, 105.00, 33.00, 31.00, 30.00
-4.00, -48.00, 100.00, 28.00, 25.00, 25.00
0.00, 39.00, 61.00, 26.00, 23.00, 23.00
-6.00, 96.00, 21.00, 26.00, 24.00, 23.00
2.00, 81.00, 47.00, 26.00, 25.00, 24.00
-2.00, 14.00, 91.00, 22.00, 20.00, 20.00
-3.00, -15.00, 117.00, 17.00, 16.00, 16.00
-4.00, 11.00, 121.00, 20.00, 19.00, 19.00
11.00, 46.00, 120.00, 24.00, 23.00, 23.00
12.00, 17.00, 151.00, 22.00, 22.00, 22.00
18.00, -26.00, 199.00, 20.00, 19.00, 19.00
17.00, -39.00, 229.00, 48.00, -48.00, -45.00
13.00, -31.00, 232.00, 78.00, -77.00, -74.00
14.00, -15.00, 221.00, 85.00, -83.00, -80.00
9.00, -6.00, 217.00, 88.00, -85.00, -80.00
11.00, -27.00, 242.00, 117.00, -113.00, -108.00
17.00, -75.00, 278.00, 184.00, -178.00, -170.00
17.00, -91.00, 292.00, 280.00, -271.00, -260.00
27.00, -87.00, 307.00, 365.00, -353.00, -341.00
19.00, -71.00, 292.00, 380.00, -366.00, -352.00
24.00, -73.00, 297.00, 353.00, -338.00, -319.00
19.00, -101.00, 309.00, 342.00, -326.00, -305.00
20.00, -103.00, 306.00, 389.00, -374.00, -351.00
23.00, -111.00, 314.00, 480.00, -463.00, -438.00
22.00, -126.00, 323.00, 561.00, -544.00, -515.00
26.00, -120.00, 324.00, 618.00, -602.00, -568.00
23.00, -133.00, 328.00, 675.00, -659.00, -619.00
27.00, -152.00, 328.00, 750.00, -732.00, -689.00
29.00, -148.00, 330.00, 820.00, -802.00, -763.00
23.00, -142.00, 324.00, 866.00, -847.00, -810.00
23.00, -153.00, 330.00, 880.00, -858.00, -821.00
24.00, -158.00, 333.00, 879.00, -855.00, -818.00
22.00, -195.00, 334.00, 876.00, -849.00, -810.00
29.00, -215.00, 337.00, 879.00, -853.00, -813.00
31.00, -202.00, 344.00, 903.00, -881.00, -843.00
29.00, -200.00, 339.00, 917.00, -894.00, -857.00
32.00, -210.00, 337.00, 909.00, -886.00, -849.00
29.00, -221.00, 336.00, 883.00, -855.00, -819.00
26.00, -240.00, 331.00, 851.00, -823.00, -788.00
29.00, -244.00, 336.00, 830.00, -803.00, -771.00
29.00, -244.00, 337.00, 811.00, -786.00, -757.00
33.00, -248.00, 335.00, 793.00, -769.00, -740.00
35.00, -247.00, 334.00, 777.00, -753.00, -724.00
29.00, -291.00, 322.00, 754.00, -729.00, -702.00
39.00, -277.00, 337.00, 732.00, -706.00, -679.00
34.00, -281.00, 331.00, 710.00, -686.00, -660.00
33.00, -265.00, 315.00, 688.00, -665.00, -641.00
33.00, -271.00, 319.00, 665.00, -641.00, -619.00
24.00, -325.00, 307.00, 646.00, -622.00, -601.00
36.00, -344.00, 316.00, 637.00, -614.00, -592.00
43.00, -314.00, 324.00, 633.00, -612.00, -592.00
45.00, -305.00, 318.00, 637.00, -617.00, -596.00
49.00, -299.00, 322.00, 634.00, -614.00, -593.00
34.00, -350.00, 300.00, 624.00, -602.00, -580.00
32.00, -368.00, 299.00, 609.00, -587.00, -565.00
43.00, -328.00, 292.00, 596.00, -574.00, -554.00
43.00, -347.00, 301.00, 588.00, -567.00, -548.00
49.00, -360.00, 308.00, 582.00, -561.00, -541.00
44.00, -362.00, 305.00, 573.00, -553.00, -533.00
29.00, -377.00, 286.00, 562.00, -543.00, -522.00
34.00, -380.00, 267.00, 552.00, -533.00, -511.00
45.00, -365.00, 279.00, 544.00, -525.00, -504.00
51.00, -385.00, 293.00, 540.00, -522.00, -501.00
44.00, -375.00, 283.00, 531.00, -513.00, -492.00
43.00, -361.00, 267.00, 518.00, -499.00, -479.00
43.00, -383.00, 279.00, 504.00, -485.00, -467.00
45.00, -405.00, 288.00, 503.00, -486.00, -467.00
42.00, -399.00, 266.00, 511.00, -496.00, -476.00
45.00, -389.00, 258.00, 514.00, -501.00, -479.00
41.00, -402.00, 260.00, 507.00, -492.00, -471.00
44.00, -407.00, 266.00, 498.00, -482.00, -462.00
46.00, -388.00, 262.00, 495.00, -478.00, -461.00
46.00, -388.00, 262.00, 498.00, -479.00, -464.00
48.00, -387.00, 257.00, 493.00, -475.00, -458.00
47.00, -387.00, 253.00, 481.00, -463.00, -446.00
46.00, -400.00, 255.00, 479.00, -462.00, -445.00
43.00, -428.00, 262.00, 476.00, -459.00, -443.00
44.00, -420.00, 254.00, 466.00, -448.00, -434.00
51.00, -404.00, 258.00, 450.00, -431.00, -416.00
51.00, -407.00, 256.00, 428.00, -412.00, -395.00
46.00, -414.00, 257.00, 412.00, -399.00, -382.00
47.00, -398.00, 246.00, 401.00, -387.00, -371.00
47.00, -398.00, 245.00, 380.00, -365.00, -352.00
50.00, -410.00, 254.00, 360.00, -345.00, -334.00
45.00, -410.00, 248.00, 353.00, -340.00, -329.00
50.00, -388.00, 244.00, 348.00, -336.00, -325.00
47.00, -412.00, 258.00, 332.00, -319.00, -309.00
44.00, -416.00, 259.00, 313.00, -300.00, -290.00
54.00, -383.00, 247.00, 299.00, -287.00, -278.00
52.00, -419.00, 259.00, 285.00, -274.00, -264.00
49.00, -413.00, 261.00, 266.00, -255.00, -246.00
48.00, -392.00, 248.00, 251.00, -242.00, -234.00
50.00, -399.00, 254.00, 245.00, -235.00, -229.00
-2.00, -86.00, 52.00, 242.00, -233.00, -228.00
-5.00, -38.00, 33.00, 242.00, -233.00, -227.00
2.00, 42.00, 15.00, 230.00, -221.00, -214.00
2.00, 62.00, 26.00, 210.00, -202.00, -194.00
8.00, 47.00, 49.00, 190.00, -183.00, -176.00
7.00, 40.00, 71.00, 170.00, -163.00, -156.00
-3.00, 74.00, 61.00, 145.00, -139.00, -133.00
-8.00, 134.00, 47.00, 126.00, -121.00, -115.00
-12.00, 159.00, 54.00, 113.00, -109.00, -105.00
-11.00, 149.00, 66.00, 100.00, -96.00, -93.00
-9.00, 152.00, 73.00, 86.00, -82.00, -79.00
-9.00, 205.00, 60.00, 79.00, -77.00, -75.00
-13.00, 238.00, 52.00, 73.00, -71.00, -68.00
-23.00, 247.00, 54.00, 60.00, -58.00, -55.00
-16.00, 241.00, 59.00, 56.00, -55.00, -53.00
-16.00, 241.00, 59.00, 51.00, -49.00, -48.00
-21.00, 264.00, 52.00, 39.00, -37.00, -36.00
-21.00, 264.00, 52.00, 32.00, -32.00, -30.00
-23.00, 285.00, 49.00, 30.00, -30.00, -29.00
-19.00, 297.00, 44.00, 62.00, 62.00, 60.00
-25.00, 303.00, 41.00, 142.00, 141.00, 137.00
-25.00, 301.00, 51.00, 263.00, 261.00, 255.00
-29.00, 303.00, 40.00, 392.00, 385.00, 375.00
-29.00, 316.00, 26.00, 494.00, 481.00, 467.00
-30.00, 334.00, 15.00, 577.00, 562.00, 541.00
-28.00, 341.00, 16.00, 659.00, 644.00, 617.00
-39.00, 355.00, 1.00, 752.00, 736.00, 703.00
-34.00, 353.00, 1.00, 836.00, 816.00, 782.00
-33.00, 356.00, 1.00, 893.00, 870.00, 836.00
-30.00, 348.00, 5.00, 932.00, 907.00, 872.00
-41.00, 351.00, 16.00, 967.00, 940.00, 903.00
-45.00, 398.00, 48.00, 999.00, 972.00, 932.00
-35.00, 420.00, 57.00, 1015.00, 989.00, 950.00
-37.00, 400.00, 58.00, 1013.00, 986.00, 947.00
-38.00, 370.00, 34.00, 1001.00, 972.00, 933.00
-44.00, 384.00, 57.00, 983.00, 954.00, 915.00
-45.00, 437.00, 87.00, 963.00, 936.00, 897.00
-34.00, 432.00, 84.00, 943.00, 915.00, 879.00
-42.00, 396.00, 84.00, 920.00, 893.00, 857.00
-43.00, 401.00, 93.00, 892.00, 865.00, 828.00
-42.00, 422.00, 110.00, 861.00, 835.00, 799.00
-45.00, 456.00, 126.00, 840.00, 815.00, 780.00
-45.00, 417.00, 112.00, 828.00, 805.00, 772.00
-48.00, 402.00, 118.00, 820.00, 797.00, 765.00
-49.00, 430.00, 139.00, 812.00, 789.00, 755.00
-44.00, 441.00, 146.00, 801.00, 778.00, 743.00
-47.00, 437.00, 156.00, 783.00, 759.00, 727.00
-47.00, 433.00, 161.00, 764.00, 741.00, 711.00
-48.00, 433.00, 159.00, 751.00, 730.00, 699.00
-50.00, 424.00, 153.00, 757.00, 739.00, 705.00
-42.00, 415.00, 164.00, 772.00, 754.00, 723.00
-45.00, 421.00, 180.00, 771.00, 748.00, 720.00
-52.00, 436.00, 192.00, 757.00, 734.00, 702.00
-49.00, 440.00, 191.00, 728.00, 704.00, 671.00
-43.00, 411.00, 182.00, 707.00, 684.00, 651.00
-42.00, 405.00, 192.00, 703.00, 680.00, 651.00
-44.00, 425.00, 210.00, 690.00, 667.00, 640.00
-49.00, 432.00, 223.00, 671.00, 649.00, 619.00
-41.00, 415.00, 212.00, 656.00, 635.00, 606.00
-41.00, 398.00, 213.00, 647.00, 626.00, 598.00
-50.00, 411.00, 233.00, 637.00, 614.00, 587.00
-42.00, 415.00, 237.00, 620.00, 598.00, 571.00
-41.00, 405.00, 241.00, 603.00, 584.00, 556.00
-39.00, 399.00, 249.00, 594.00, 576.00, 549.00
-47.00, 401.00, 257.00, 594.00, 575.00, 550.00
-49.00, 399.00, 263.00, 587.00, 567.00, 542.00
-47.00, 387.00, 262.00, 572.00, 552.00, 525.00
-46.00, 389.00, 268.00, 551.00, 533.00, 508.00
-46.00, 398.00, 282.00, 528.00, 510.00, 487.00
-44.00, 390.00, 285.00, 506.00, 490.00, 467.00
-45.00, 382.00, 279.00, 495.00, 480.00, 456.00
-42.00, 379.00, 274.00, 494.00, 480.00, 456.00
-44.00, 372.00, 286.00, 489.00, 475.00, 454.00
-45.00, 389.00, 298.00, 473.00, 459.00, 439.00
-41.00, 386.00, 296.00, 457.00, 444.00, 422.00
-40.00, 375.00, 290.00, 453.00, 441.00, 420.00
-40.00, 370.00, 293.00, 458.00, 446.00, 425.00
-43.00, 370.00, 298.00, 452.00, 440.00, 420.00
-42.00, 374.00, 305.00, 438.00, 427.00, 407.00
-34.00, 365.00, 291.00, 434.00, 425.00, 402.00
-40.00, 355.00, 300.00, 440.00, 430.00, 408.00
-42.00, 365.00, 316.00, 443.00, 432.00, 412.00
-40.00, 375.00, 328.00, 442.00, 432.00, 411.00
-40.00, 365.00, 324.00, 441.00, 433.00, 410.00
-39.00, 365.00, 327.00, 438.00, 432.00, 409.00
-39.00, 365.00, 322.00, 431.00, 426.00, 405.00
-38.00, 329.00, 299.00, 425.00, 419.00, 399.00
-42.00, 350.00, 316.00, 422.00, 415.00, 396.00
-36.00, 365.00, 327.00, 418.00, 409.00, 390.00
-36.00, 359.00, 327.00, 403.00, 394.00, 376.00
-43.00, 343.00, 312.00, 384.00, 375.00, 358.00
-41.00, 346.00, 313.00, 367.00, 358.00, 342.00
-37.00, 348.00, 316.00, 355.00, 348.00, 332.00
-42.00, 356.00, 320.00, 347.00, 339.00, 325.00
-40.00, 361.00, 324.00, 334.00, 326.00, 313.00
-35.00, 340.00, 312.00, 318.00, 310.00, 296.00
-40.00, 350.00, 318.00, 306.00, 299.00, 284.00
-40.00, 350.00, 323.00, 298.00, 289.00, 276.00
-37.00, 356.00, 323.00, 289.00, 280.00, 268.00
-39.00, 345.00, 317.00, 280.00, 272.00, 259.00
