-12.00, 0.00, 17.00, 1.00, -2.00, -1.00
-12.00, 4.00, 20.00, 1.00, -5.00, -5.00
-12.00, 11.00, 29.00, 9.00, -14.00, -13.00
-14.00, 0.00, 40.00, 19.00, -25.00, -24.00
-15.00, -2.00, 57.00, 26.00, -30.00, -28.00
-15.00, 11.00, 48.00, 27.00, -30.00, -28.00
-12.00, 19.00, 48.00, 30.00, -31.00, -29.00
-7.00, 15.00, 46.00, 33.00, -32.00, -31.00
-6.00, 12.00, 42.00, 34.00, -32.00, -30.00
-8.00, 25.00, 39.00, 35.00, -33.00, -30.00
-8.00, 34.00, 33.00, 44.00, -42.00, -40.00
-2.00, 8.00, 36.00, 57.00, -54.00, -54.00
0.00, -6.00, 42.00, 63.00, -56.00, -54.00
3.00, 3.00, 33.00, 54.00, -46.00, -42.00
4.00, 25.00, 23.00, 43.00, -34.00, -32.00
1.00, 26.00, 23.00, 42.00, -35.00, -34.00
1.00, 3.00, 20.00, 50.00, -46.00, -45.00
1.00, -17.00, 26.00, 55.00, -51.00, -49.00
3.00, -6.00, 25.00, 49.00, -45.00, -42.00
4.00, 16.00, 22.00, 43.00, -39.00, -36.00
2.00, 10.00, 24.00, 48.00, -44.00, -42.00
4.00, -13.00, 22.00, 58.00, -57.00, -54.00
9.00, -18.00, 37.00, 64.00, -62.00, -58.00
10.00, -10.00, 37.00, 58.00, -56.00, -52.00
5.00, 13.00, 27.00, 52.00, -50.00, -46.00
4.00, 7.00, 28.00, 58.00, -56.00, -52.00
6.00, -24.00, 45.00, 67.00, -64.00, -59.00
6.00, -17.00, 54.00, 66.00, -59.00, -52.00
6.00, 6.00, 39.00, 55.00, -46.00, -39.00
5.00, 17.00, 31.00, 48.00, -38.00, -31.00
2.00, 12.00, 46.00, 50.00, -39.00, -32.00
2.00, -8.00, 49.00, 51.00, -40.00, -33.00
5.00, -5.00, 50.00, 46.00, -32.00, -24.00
5.00, 5.00, 59.00, 35.00, -18.00, -9.00
7.00, 29.00, 53.00, 22.00, -4.00, 5.00
13.00, 31.00, 46.00, 18.00, 1.00, 8.00
18.00, 3.00, 68.00, 20.00, 3.00, 8.00
17.00, 2.00, 69.00, 9.00, 17.00, 22.00
11.00, 12.00, 47.00, 9.00, 41.00, 45.00
19.00, 20.00, 43.00, 29.00, 62.00, 64.00
10.00, 16.00, 45.00, 43.00, 78.00, 77.00
4.00, 2.00, 32.00, 53.00, 87.00, 85.00
4.00, -9.00, 54.00, 61.00, 95.00, 94.00
7.00, -12.00, 61.00, 77.00, 112.00, 112.00
8.00, 8.00, 47.00, 102.00, 137.00, 137.00
3.00, 8.00, 47.00, 126.00, 159.00, 157.00
-2.00, 4.00, 42.00, 141.00, 171.00, 168.00
-3.00, -5.00, 37.00, 146.00, 175.00, 172.00
18.00, 4.00, 35.00, 147.00, 174.00, 172.00
10.00, -9.00, 50.00, 145.00, 173.00, 169.00
3.00, -24.00, 60.00, 144.00, 172.00, 168.00
-3.00, -17.00, 51.00, 151.00, 178.00, 174.00
-6.00, -16.00, 68.00, 157.00, 183.00, 180.00
-3.00, -23.00, 69.00, 161.00, 187.00, 185.00
8.00, -13.00, 70.00, 167.00, 194.00, 193.00
5.00, -6.00, 54.00, 177.00, 206.00, 203.00
4.00, -14.00, 55.00, 186.00, 214.00, 210.00
1.00, -15.00, 59.00, 197.00, 224.00, 217.00
1.00, -15.00, 59.00, 208.00, 235.00, 227.00
3.00, -23.00, 35.00, 222.00, 246.00, 236.00
3.00, -23.00, 35.00, 233.00, 255.00, 243.00
-7.00, -26.00, 43.00, 244.00, 262.00, 249.00
-13.00, -28.00, 37.00, 249.00, 265.00, 252.00
-22.00, -20.00, 34.00, 246.00, 257.00, 247.00
-16.00, -7.00, 26.00, 227.00, 236.00, 226.00
-9.00, -27.00, 40.00, 206.00, 212.00, 202.00
-8.00, -55.00, 51.00, 194.00, 199.00, 188.00
-14.00, -39.00, 58.00, 188.00, 192.00, 182.00
-15.00, -29.00, 46.00, 183.00, 185.00, 175.00
-22.00, -28.00, 46.00, 174.00, 174.00, 163.00
-24.00, -34.00, 55.00, 163.00, 161.00, 153.00
-20.00, -31.00, 62.00, 158.00, 156.00, 147.00
-23.00, -12.00, 50.00, 150.00, 146.00, 139.00
-28.00, -8.00, 48.00, 135.00, 130.00, 124.00
-31.00, -30.00, 58.00, 122.00, 114.00, 110.00
-23.00, -21.00, 63.00, 112.00, 105.00, 101.00
-26.00, -11.00, 57.00, 102.00, 95.00, 92.00
-25.00, -7.00, 58.00, 90.00, 82.00, 79.00
-26.00, -11.00, 68.00, 75.00, 68.00, 66.00
-26.00, -18.00, 66.00, 64.00, 56.00, 55.00
-22.00, -13.00, 69.00, 54.00, 47.00, 47.00
-22.00, -6.00, 72.00, 45.00, 39.00, 38.00
-22.00, -5.00, 68.00, 35.00, 30.00, 29.00
-28.00, -9.00, 76.00, 25.00, 21.00, 20.00
-26.00, -15.00, 81.00, 19.00, 15.00, 16.00
-23.00, -11.00, 76.00, 17.00, 14.00, 15.00
-24.00, -4.00, 70.00, 16.00, 13.00, 14.00
-24.00, 2.00, 72.00, 13.00, 9.00, 9.00
-26.00, -1.00, 71.00, 6.00, 2.00, 2.00
-23.00, -5.00, 73.00, 4.00, -8.00, -7.00
-22.00, -8.00, 70.00, 14.00, -17.00, -16.00
-22.00, -19.00, 78.00, 18.00, -21.00, -20.00
-18.00, -13.00, 80.00, 15.00, -17.00, -18.00
-20.00, 2.00, 76.00, 13.00, -15.00, -17.00
-22.00, -1.00, 75.00, 16.00, -18.00, -20.00
-23.00, -12.00, 72.00, 20.00, -22.00, -23.00
-26.00, -13.00, 80.00, 23.00, -25.00, -25.00
-22.00, -16.00, 75.00, 26.00, -28.00, -26.00
-23.00, -12.00, 78.00, 26.00, -27.00, -25.00
-22.00, -6.00, 75.00, 26.00, -26.00, -25.00
6.00, 3.00, 14.00, 13.00, 12.00, 9.00
6.00, 2.00, 24.00, 10.00, 9.00, 6.00
18.00, -5.00, 40.00, 9.00, 10.00, 5.00
8.00, -12.00, 50.00, 15.00, 16.00, 10.00
17.00, -6.00, 73.00, 24.00, 25.00, 15.00
15.00, -8.00, 98.00, 33.00, 29.00, 17.00
24.00, -19.00, 108.00, 38.00, 32.00, 18.00
15.00, -10.00, 101.00, 41.00, 33.00, 18.00
-20.00, -33.00, 98.00, 38.00, 23.00, 14.00
-8.00, -50.00, 90.00, 45.00, 24.00, 17.00
1.00, -10.00, 99.00, 57.00, 32.00, 28.00
-10.00, 31.00, 102.00, 56.00, 28.00, 31.00
-18.00, 16.00, 51.00, 43.00, 13.00, 19.00
-3.00, 0.00, 40.00, 39.00, 7.00, 9.00
15.00, -5.00, 77.00, 41.00, 10.00, 14.00
10.00, 28.00, 87.00, 49.00, 20.00, 29.00
1.00, 46.00, 60.00, 56.00, 29.00, 42.00
-11.00, 44.00, 34.00, 51.00, 25.00, 37.00
-0.00, 28.00, 76.00, 42.00, 16.00, 24.00
7.00, 15.00, 82.00, 37.00, 11.00, 22.00
15.00, 35.00, 57.00, 44.00, 17.00, 32.00
26.00, 62.00, 55.00, 43.00, 16.00, 28.00
37.00, 49.00, 53.00, 29.00, 3.00, 8.00
25.00, 23.00, 65.00, 17.00, -8.00, -3.00
27.00, 17.00, 77.00, 16.00, -12.00, -3.00
31.00, 24.00, 65.00, 19.00, -10.00, -1.00
28.00, 35.00, 62.00, 16.00, -18.00, -9.00
40.00, 54.00, 81.00, 6.00, -44.00, -37.00
54.00, 47.00, 94.00, 44.00, -81.00, -77.00
46.00, 13.00, 67.00, 76.00, -111.00, -109.00
33.00, 0.00, 35.00, 91.00, -127.00, -123.00
31.00, 26.00, 61.00, 97.00, -136.00, -130.00
44.00, 61.00, 86.00, 122.00, -162.00, -157.00
68.00, 59.00, 73.00, 166.00, -203.00, -201.00
59.00, -10.00, 36.00, 200.00, -232.00, -235.00
31.00, -41.00, 28.00, 197.00, -228.00, -229.00
20.00, 26.00, 54.00, 177.00, -210.00, -205.00
42.00, 73.00, 69.00, 183.00, -216.00, -212.00
55.00, 38.00, 55.00, 216.00, -245.00, -245.00
47.00, -22.00, 40.00, 231.00, -257.00, -256.00
32.00, -29.00, 33.00, 204.00, -229.00, -225.00
27.00, 28.00, 62.00, 164.00, -193.00, -186.00
40.00, 62.00, 68.00, 157.00, -189.00, -182.00
57.00, 16.00, 49.00, 176.00, -208.00, -203.00
51.00, -21.00, 48.00, 185.00, -211.00, -207.00
38.00, -34.00, 62.00, 151.00, -176.00, -168.00
32.00, 8.00, 84.00, 93.00, -122.00, -109.00
38.00, 67.00, 90.00, 60.00, -95.00, -82.00
48.00, 50.00, 93.00, 74.00, -112.00, -103.00
33.00, 12.00, 82.00, 104.00, -144.00, -135.00
40.00, 12.00, 68.00, 125.00, -167.00, -155.00
52.00, 27.00, 72.00, 143.00, -183.00, -171.00
51.00, 24.00, 68.00, 159.00, -194.00, -184.00
33.00, 6.00, 72.00, 165.00, -200.00, -191.00
24.00, 20.00, 74.00, 169.00, -204.00, -193.00
42.00, 31.00, 72.00, 182.00, -218.00, -206.00
42.00, 25.00, 68.00, 204.00, -234.00, -223.00
31.00, -12.00, 74.00, 213.00, -239.00, -228.00
30.00, -11.00, 81.00, 200.00, -224.00, -209.00
41.00, 19.00, 90.00, 178.00, -200.00, -183.00
34.00, 12.00, 101.00, 158.00, -176.00, -160.00
18.00, -7.00, 102.00, 132.00, -152.00, -135.00
23.00, 17.00, 95.00, 109.00, -136.00, -116.00
32.00, 45.00, 84.00, 110.00, -141.00, -124.00
47.00, 25.00, 67.00, 135.00, -165.00, -150.00
38.00, -6.00, 57.00, 154.00, -183.00, -170.00
39.00, 14.00, 50.00, 159.00, -187.00, -173.00
49.00, 33.00, 43.00, 166.00, -192.00, -181.00
45.00, 22.00, 44.00, 184.00, -204.00, -197.00
38.00, 5.00, 46.00, 200.00, -217.00, -211.00
34.00, 1.00, 44.00, 205.00, -221.00, -213.00
36.00, 15.00, 46.00, 207.00, -221.00, -214.00
37.00, 5.00, 41.00, 214.00, -227.00, -220.00
35.00, 0.00, 42.00, 221.00, -230.00, -225.00
26.00, -1.00, 51.00, 221.00, -226.00, -222.00
14.00, 1.00, 63.00, 212.00, -215.00, -208.00
22.00, 8.00, 65.00, 197.00, -200.00, -191.00
26.00, 11.00, 68.00, 185.00, -186.00, -177.00
22.00, 7.00, 74.00, 170.00, -168.00, -161.00
20.00, 7.00, 75.00, 149.00, -146.00, -138.00
26.00, 23.00, 76.00, 128.00, -125.00, -117.00
20.00, 19.00, 80.00, 115.00, -110.00, -103.00
10.00, 8.00, 78.00, 103.00, -99.00, -91.00
16.00, 17.00, 80.00, 88.00, -85.00, -77.00
23.00, 26.00, 75.00, 75.00, -71.00, -63.00
17.00, 18.00, 76.00, 62.00, -56.00, -52.00
12.00, 20.00, 84.00, 49.00, -44.00, -42.00
18.00, 25.00, 84.00, 42.00, -39.00, -36.00
18.00, 25.00, 84.00, 40.00, -36.00, -33.00
15.00, 20.00, 82.00, 37.00, -33.00, -31.00
18.00, 15.00, 83.00, 33.00, -28.00, -26.00
18.00, 15.00, 83.00, 26.00, -21.00, -20.00
18.00, 16.00, 85.00, 17.00, -13.00, -14.00
19.00, 19.00, 87.00, 16.00, -13.00, -15.00
22.00, 17.00, 82.00, 20.00, -18.00, -21.00
15.00, 7.00, 85.00, 24.00, -21.00, -23.00
12.00, -1.00, 82.00, 22.00, -20.00, -20.00
15.00, 7.00, 81.00, 18.00, -15.00, -15.00
19.00, 13.00, 84.00, 15.00, -12.00, -12.00
15.00, 3.00, 84.00, 11.00, -8.00, -7.00
13.00, -6.00, 21.00, 15.00, 15.00, 14.00
12.00, -8.00, 34.00, 16.00, 16.00, 14.00
18.00, -3.00, 53.00, 19.00, 20.00, 20.00
25.00, -1.00, 79.00, 22.00, 27.00, 26.00
27.00, -3.00, 99.00, 27.00, 37.00, 33.00
23.00, -8.00, 100.00, 34.00, 49.00, 42.00
15.00, -14.00, 95.00, 38.00, 58.00, 52.00
26.00, -20.00, 100.00, 42.00, 66.00, 66.00
35.00, -17.00, 86.00, 54.00, 83.00, 83.00
25.00, -10.00, 67.00, 72.00, 106.00, 107.00
26.00, -9.00, 48.00, 97.00, 135.00, 141.00
37.00, 16.00, 40.00, 131.00, 169.00, 177.00
37.00, 13.00, 32.00, 162.00, 199.00, 202.00
44.00, 17.00, 8.00, 186.00, 223.00, 223.00
40.00, 17.00, 7.00, 200.00, 237.00, 237.00
38.00, 4.00, 17.00, 215.00, 250.00, 248.00
45.00, 3.00, 21.00, 236.00, 268.00, 261.00
37.00, 9.00, 4.00, 250.00, 280.00, 269.00
45.00, 3.00, 11.00, 250.00, 278.00, 271.00
50.00, 3.00, 11.00, 247.00, 278.00, 272.00
48.00, -6.00, 20.00, 258.00, 289.00, 280.00
35.00, 6.00, 5.00, 272.00, 302.00, 290.00
32.00, 7.00, 28.00, 273.00, 302.00, 293.00
31.00, 2.00, 12.00, 267.00, 297.00, 292.00
26.00, -1.00, 3.00, 275.00, 304.00, 299.00
26.00, 14.00, 10.00, 290.00, 313.00, 304.00
27.00, 18.00, 5.00, 287.00, 304.00, 290.00
42.00, 15.00, 13.00, 253.00, 271.00, 262.00
29.00, -24.00, 20.00, 220.00, 247.00, 243.00
23.00, -23.00, 28.00, 232.00, 260.00, 256.00
23.00, 31.00, 3.00, 263.00, 286.00, 281.00
34.00, 41.00, 27.00, 269.00, 286.00, 281.00
25.00, 2.00, 18.00, 242.00, 258.00, 252.00
23.00, -14.00, 37.00, 220.00, 234.00, 228.00
37.00, 6.00, 35.00, 211.00, 224.00, 218.00
34.00, 2.00, 39.00, 204.00, 217.00, 210.00
34.00, 2.00, 39.00, 192.00, 206.00, 200.00
35.00, 1.00, 28.00, 176.00, 193.00, 189.00
36.00, -1.00, 45.00, 168.00, 186.00, 182.00
33.00, -13.00, 59.00, 169.00, 186.00, 182.00
31.00, -7.00, 54.00, 171.00, 187.00, 184.00
29.00, 4.00, 31.00, 160.00, 179.00, 178.00
36.00, 15.00, 37.00, 147.00, 167.00, 167.00
32.00, -15.00, 65.00, 145.00, 167.00, 165.00
39.00, -25.00, 74.00, 162.00, 186.00, 183.00
37.00, -13.00, 58.00, 183.00, 207.00, 205.00
33.00, 10.00, 34.00, 192.00, 216.00, 215.00
43.00, 24.00, 36.00, 186.00, 210.00, 209.00
39.00, -8.00, 52.00, 184.00, 208.00, 205.00
37.00, -24.00, 69.00, 194.00, 219.00, 216.00
32.00, -2.00, 53.00, 209.00, 233.00, 230.00
31.00, 12.00, 40.00, 212.00, 235.00, 232.00
30.00, 8.00, 50.00, 208.00, 231.00, 228.00
32.00, -1.00, 57.00, 204.00, 227.00, 224.00
37.00, -1.00, 71.00, 204.00, 228.00, 223.00
33.00, -8.00, 71.00, 209.00, 234.00, 228.00
33.00, 0.00, 67.00, 213.00, 238.00, 233.00
31.00, 7.00, 56.00, 211.00, 238.00, 232.00
28.00, 4.00, 61.00, 207.00, 234.00, 229.00
21.00, -16.00, 65.00, 209.00, 236.00, 232.00
23.00, -19.00, 74.00, 221.00, 248.00, 246.00
26.00, 3.00, 63.00, 237.00, 263.00, 262.00
23.00, 10.00, 47.00, 244.00, 268.00, 265.00
23.00, 9.00, 59.00, 241.00, 263.00, 259.00
19.00, -2.00, 67.00, 236.00, 256.00, 252.00
16.00, -6.00, 67.00, 231.00, 250.00, 245.00
26.00, -1.00, 69.00, 227.00, 246.00, 239.00
30.00, 1.00, 77.00, 224.00, 244.00, 233.00
15.00, -9.00, 81.00, 224.00, 244.00, 230.00
3.00, -8.00, 69.00, 221.00, 238.00, 225.00
10.00, -14.00, 55.00, 213.00, 227.00, 215.00
11.00, -10.00, 71.00, 200.00, 213.00, 203.00
7.00, -19.00, 73.00, 187.00, 201.00, 191.00
10.00, -26.00, 86.00, 183.00, 198.00, 189.00
3.00, -25.00, 73.00, 184.00, 200.00, 192.00
-1.00, -18.00, 64.00, 186.00, 200.00, 193.00
6.00, -11.00, 67.00, 184.00, 196.00, 190.00
4.00, -18.00, 69.00, 179.00, 192.00, 184.00
4.00, -20.00, 72.00, 178.00, 191.00, 183.00
-1.00, -18.00, 69.00, 182.00, 194.00, 187.00
-0.00, -10.00, 62.00, 184.00, 194.00, 188.00
-3.00, -6.00, 64.00, 180.00, 188.00, 182.00
3.00, -10.00, 57.00, 173.00, 180.00, 172.00
-1.00, -14.00, 75.00, 168.00, 176.00, 168.00
3.00, -18.00, 67.00, 173.00, 181.00, 171.00
-7.00, -3.00, 62.00, 177.00, 185.00, 176.00
-6.00, -5.00, 64.00, 179.00, 183.00, 173.00
-8.00, -8.00, 62.00, 174.00, 177.00, 166.00
-12.00, -12.00, 63.00, 168.00, 170.00, 159.00
-12.00, -5.00, 66.00, 162.00, 163.00, 154.00
-17.00, 0.00, 65.00, 150.00, 150.00, 143.00
-11.00, -8.00, 71.00, 137.00, 137.00, 129.00
-12.00, -16.00, 69.00, 125.00, 125.00, 117.00
-8.00, -8.00, 65.00, 115.00, 114.00, 107.00
-17.00, -14.00, 75.00, 104.00, 104.00, 97.00
-15.00, -13.00, 75.00, 94.00, 93.00, 88.00
-13.00, -8.00, 66.00, 81.00, 80.00, 77.00
-13.00, -19.00, 67.00, 67.00, 66.00, 64.00
-12.00, -21.00, 75.00, 57.00, 56.00, 54.00
-9.00, -27.00, 76.00, 53.00, 53.00, 51.00
-0.00, 1.00, 12.00, 18.00, -18.00, -17.00
1.00, 1.00, 22.00, 20.00, -21.00, -20.00
6.00, -12.00, 34.00, 19.00, -19.00, -20.00
-3.00, -11.00, 46.00, 11.00, -12.00, -14.00
-10.00, 2.00, 65.00, 2.00, -8.00, -10.00
-13.00, 14.00, 73.00, 1.00, -9.00, -13.00
-7.00, 11.00, 85.00, 8.00, -22.00, -26.00
-1.00, -13.00, 94.00, 24.00, -39.00, -42.00
-0.00, -42.00, 89.00, 28.00, -44.00, -45.00
-5.00, -33.00, 78.00, 14.00, -31.00, -28.00
-5.00, 5.00, 72.00, 4.00, -15.00, -9.00
1.00, 17.00, 67.00, 6.00, -17.00, -13.00
19.00, 16.00, 74.00, 11.00, -37.00, -37.00
26.00, -10.00, 67.00, 35.00, -64.00, -62.00
15.00, -24.00, 48.00, 40.00, -72.00, -66.00
9.00, 11.00, 32.00, 33.00, -69.00, -59.00
27.00, 59.00, 54.00, 40.00, -78.00, -70.00
38.00, 42.00, 57.00, 69.00, -106.00, -104.00
31.00, 3.00, 28.00, 94.00, -128.00, -127.00
9.00, -1.00, 18.00, 96.00, -129.00, -123.00
15.00, 42.00, 44.00, 89.00, -123.00, -116.00
29.00, 72.00, 64.00, 104.00, -138.00, -131.00
42.00, 42.00, 56.00, 137.00, -168.00, -164.00
32.00, -12.00, 40.00, 154.00, -184.00, -180.00
21.00, -0.00, 28.00, 143.00, -172.00, -165.00
33.00, 58.00, 59.00, 129.00, -158.00, -150.00
47.00, 69.00, 63.00, 139.00, -168.00, -165.00
44.00, 31.00, 54.00, 171.00, -200.00, -199.00
29.00, -3.00, 42.00, 197.00, -227.00, -224.00
37.00, 12.00, 29.00, 206.00, -238.00, -233.00
50.00, 46.00, 39.00, 218.00, -248.00, -245.00
39.00, 17.00, 40.00, 237.00, -265.00, -265.00
31.00, -7.00, 36.00, 247.00, -274.00, -272.00
35.00, 16.00, 36.00, 243.00, -274.00, -266.00
37.00, 44.00, 36.00, 245.00, -274.00, -267.00
34.00, 11.00, 35.00, 252.00, -279.00, -276.00
28.00, -7.00, 38.00, 251.00, -277.00, -272.00
17.00, 1.00, 44.00, 236.00, -265.00, -256.00
25.00, 33.00, 45.00, 225.00, -256.00, -245.00
35.00, 32.00, 38.00, 231.00, -262.00, -253.00
32.00, 9.00, 36.00, 242.00, -268.00, -261.00
20.00, -14.00, 45.00, 232.00, -257.00, -248.00
20.00, 15.00, 58.00, 211.00, -238.00, -225.00
36.00, 25.00, 54.00, 201.00, -229.00, -216.00
42.00, 14.00, 54.00, 200.00, -225.00, -214.00
23.00, -21.00, 59.00, 181.00, -204.00, -195.00
11.00, 14.00, 81.00, 145.00, -171.00, -160.00
17.00, 40.00, 84.00, 127.00, -160.00, -148.00
35.00, 39.00, 78.00, 144.00, -178.00, -168.00
35.00, -17.00, 67.00, 165.00, -196.00, -188.00
25.00, -7.00, 75.00, 155.00, -184.00, -174.00
10.00, 34.00, 91.00, 135.00, -168.00, -156.00
16.00, 51.00, 91.00, 144.00, -180.00, -169.00
21.00, 20.00, 81.00, 185.00, -223.00, -211.00
32.00, -7.00, 70.00, 221.00, -259.00, -245.00
32.00, 1.00, 71.00, 238.00, -273.00, -256.00
31.00, 9.00, 71.00, 237.00, -271.00, -253.00
28.00, 19.00, 67.00, 229.00, -261.00, -243.00
21.00, 25.00, 82.00, 226.00, -255.00, -238.00
13.00, 6.00, 92.00, 227.00, -258.00, -240.00
33.00, 20.00, 77.00, 228.00, -262.00, -241.00
34.00, 23.00, 71.00, 236.00, -265.00, -244.00
19.00, -13.00, 67.00, 231.00, -254.00, -236.00
11.00, 3.00, 89.00, 198.00, -221.00, -202.00
21.00, 43.00, 95.00, 166.00, -192.00, -171.00
26.00, 62.00, 93.00, 164.00, -193.00, -175.00
23.00, 17.00, 81.00, 188.00, -218.00, -204.00
24.00, 6.00, 79.00, 209.00, -239.00, -226.00
43.00, 20.00, 67.00, 223.00, -254.00, -239.00
40.00, 5.00, 65.00, 233.00, -259.00, -247.00
40.00, 5.00, 65.00, 227.00, -249.00, -239.00
20.00, 16.00, 88.00, 211.00, -233.00, -221.00
24.00, 30.00, 95.00, 208.00, -234.00, -221.00
24.00, 30.00, 95.00, 228.00, -257.00, -245.00
33.00, 14.00, 95.00, 256.00, -288.00, -275.00
37.00, -11.00, 73.00, 274.00, -303.00, -290.00
35.00, 3.00, 68.00, 281.00, -307.00, -295.00
35.00, 5.00, 71.00, 285.00, -309.00, -297.00
31.00, 6.00, 71.00, 288.00, -312.00, -302.00
30.00, -0.00, 71.00, 288.00, -315.00, -306.00
25.00, 6.00, 67.00, 296.00, -323.00, -313.00
30.00, 10.00, 72.00, 312.00, -337.00, -328.00
44.00, 4.00, 44.00, 321.00, -339.00, -333.00
34.00, -14.00, 41.00, 304.00, -317.00, -313.00
14.00, -37.00, 49.00, 264.00, -276.00, -268.00
8.00, 6.00, 81.00, 240.00, -255.00, -243.00
4.00, 19.00, 93.00, 247.00, -265.00, -250.00
19.00, 13.00, 68.00, 268.00, -281.00, -268.00
15.00, -13.00, 46.00, 268.00, -277.00, -266.00
6.00, -17.00, 45.00, 250.00, -256.00, -243.00
4.00, 16.00, 54.00, 235.00, -240.00, -227.00
7.00, 20.00, 57.00, 231.00, -231.00, -219.00
8.00, 23.00, 51.00, 230.00, -228.00, -216.00
7.00, 5.00, 48.00, 218.00, -215.00, -204.00
1.00, 3.00, 54.00, 197.00, -193.00, -182.00
-0.00, 19.00, 65.00, 178.00, -172.00, -161.00
1.00, 24.00, 66.00, 160.00, -152.00, -142.00
-1.00, 16.00, 70.00, 139.00, -131.00, -123.00
2.00, 20.00, 66.00, 119.00, -112.00, -107.00
5.00, 24.00, 73.00, 105.00, -99.00, -96.00
-8.00, 2.00, 11.00, 41.00, 41.00, 39.00
-1.00, 2.00, 6.00, 38.00, 37.00, 39.00
4.00, 1.00, 2.00, 36.00, 36.00, 37.00
2.00, -1.00, 7.00, 42.00, 41.00, 40.00
4.00, 13.00, 11.00, 47.00, 44.00, 44.00
4.00, 6.00, 6.00, 43.00, 40.00, 38.00
2.00, -7.00, 1.00, 36.00, 35.00, 33.00
3.00, -1.00, 4.00, 39.00, 39.00, 37.00
6.00, 9.00, 7.00, 48.00, 46.00, 45.00
0.00, 5.00, 10.00, 50.00, 47.00, 43.00
1.00, 2.00, 8.00, 42.00, 37.00, 34.00
8.00, -0.00, 1.00, 30.00, 25.00, 24.00
8.00, -8.00, 7.00, 24.00, 20.00, 19.00
5.00, -0.00, 2.00, 27.00, 26.00, 24.00
2.00, 4.00, 2.00, 32.00, 31.00, 29.00
2.00, 2.00, 1.00, 33.00, 30.00, 28.00
3.00, -2.00, 3.00, 27.00, 25.00, 24.00
6.00, 1.00, 5.00, 22.00, 22.00, 22.00
8.00, 2.00, 0.00, 25.00, 25.00, 25.00
-1.00, 2.00, 6.00, 30.00, 32.00, 31.00
-1.00, 2.00, 6.00, 36.00, 37.00, 36.00
5.00, 9.00, 10.00, 40.00, 39.00, 37.00
5.00, 9.00, 10.00, 35.00, 35.00, 33.00
5.00, -4.00, 7.00, 33.00, 32.00, 31.00
11.00, -5.00, 2.00, 37.00, 36.00, 34.00
21.00, -2.00, 12.00, 42.00, 41.00, 36.00
22.00, -4.00, 21.00, 42.00, 43.00, 38.00
12.00, -0.00, 32.00, 34.00, 36.00, 34.00
28.00, -0.00, 64.00, 23.00, 29.00, 28.00
52.00, 2.00, 106.00, 22.00, 35.00, 29.00
79.00, -10.00, 152.00, 40.00, 61.00, 46.00
75.00, -17.00, 156.00, 65.00, 93.00, 75.00
47.00, 1.00, 134.00, 66.00, 101.00, 92.00
64.00, -17.00, 135.00, 59.00, 105.00, 103.00
95.00, -22.00, 136.00, 76.00, 133.00, 132.00
87.00, -28.00, 124.00, 125.00, 188.00, 186.00
76.00, -15.00, 88.00, 181.00, 250.00, 251.00
74.00, 20.00, 47.00, 227.00, 299.00, 302.00
86.00, 13.00, 51.00, 279.00, 349.00, 348.00
94.00, 26.00, 67.00, 329.00, 395.00, 383.00
102.00, 49.00, 46.00, 355.00, 417.00, 400.00
95.00, 37.00, 19.00, 351.00, 417.00, 407.00
100.00, 13.00, 19.00, 356.00, 424.00, 420.00
110.00, 11.00, 24.00, 385.00, 451.00, 445.00
102.00, 23.00, 9.00, 411.00, 473.00, 463.00
101.00, 30.00, 22.00, 412.00, 474.00, 465.00
90.00, 26.00, 22.00, 405.00, 470.00, 466.00
91.00, -15.00, 21.00, 428.00, 494.00, 489.00
73.00, 4.00, 14.00, 479.00, 541.00, 529.00
58.00, 36.00, 14.00, 508.00, 558.00, 544.00
70.00, 60.00, 58.00, 485.00, 533.00, 525.00
92.00, 26.00, 44.00, 455.00, 506.00, 498.00
65.00, -7.00, 13.00, 459.00, 510.00, 499.00
50.00, -9.00, 25.00, 484.00, 530.00, 517.00
43.00, 25.00, 10.00, 493.00, 532.00, 525.00
59.00, 59.00, 36.00, 468.00, 506.00, 501.00
61.00, 21.00, 10.00, 436.00, 474.00, 468.00
33.00, -7.00, 43.00, 424.00, 462.00, 456.00
27.00, 11.00, 29.00, 423.00, 458.00, 456.00
54.00, 16.00, 12.00, 417.00, 453.00, 453.00
59.00, 18.00, 24.00, 423.00, 460.00, 456.00
31.00, 18.00, 46.00, 434.00, 470.00, 462.00
41.00, 19.00, 45.00, 441.00, 474.00, 465.00
48.00, -4.00, 7.00, 442.00, 472.00, 461.00
57.00, 17.00, 53.00, 446.00, 475.00, 462.00
47.00, -6.00, 54.00, 449.00, 479.00, 461.00
31.00, -6.00, 51.00, 451.00, 479.00, 465.00
31.00, -1.00, 34.00, 448.00, 473.00, 460.00
45.00, -5.00, 42.00, 442.00, 466.00, 451.00
41.00, -22.00, 63.00, 442.00, 468.00, 451.00
32.00, -15.00, 61.00, 449.00, 478.00, 462.00
13.00, -13.00, 33.00, 457.00, 486.00, 472.00
31.00, 10.00, 33.00, 457.00, 480.00, 470.00
38.00, 1.00, 47.00, 447.00, 469.00, 456.00
22.00, -14.00, 46.00, 438.00, 458.00, 446.00
24.00, 1.00, 30.00, 430.00, 448.00, 438.00
21.00, -1.00, 32.00, 420.00, 434.00, 425.00
21.00, 3.00, 33.00, 411.00, 423.00, 412.00
23.00, 2.00, 41.00, 402.00, 412.00, 398.00
9.00, -5.00, 28.00, 395.00, 403.00, 386.00
-4.00, 10.00, 25.00, 380.00, 384.00, 368.00
0.00, 5.00, 31.00, 352.00, 352.00, 338.00
10.00, -8.00, 51.00, 318.00, 318.00, 306.00
7.00, -22.00, 49.00, 295.00, 295.00, 283.00
7.00, 1.00, 41.00, 276.00, 276.00, 264.00
1.00, -4.00, 46.00, 254.00, 251.00, 240.00
4.00, -9.00, 54.00, 228.00, 224.00, 214.00
11.00, -13.00, 56.00, 206.00, 203.00, 192.00
8.00, -13.00, 43.00, 191.00, 188.00, 177.00
14.00, 3.00, 38.00, 179.00, 175.00, 163.00
11.00, 6.00, 43.00, 166.00, 159.00, 146.00
2.00, 11.00, 29.00, 148.00, 140.00, 127.00
-3.00, -9.00, 47.00, 127.00, 117.00, 104.00
-2.00, -4.00, 54.00, 112.00, 103.00, 91.00
-10.00, -0.00, 47.00, 98.00, 87.00, 77.00
-3.00, -12.00, 55.00, 79.00, 68.00, 60.00
2.00, -13.00, 56.00, 63.00, 52.00, 44.00
-7.00, -14.00, 67.00, 50.00, 39.00, 33.00
-2.00, -8.00, 58.00, 39.00, 28.00, 23.00
-9.00, -12.00, 66.00, 23.00, 15.00, 13.00
2.00, 12.00, 11.00, 3.00, 4.00, 3.00
5.00, 1.00, 12.00, 4.00, -4.00, -4.00
6.00, -13.00, 15.00, 6.00, -4.00, -5.00
7.00, -12.00, 29.00, 1.00, 3.00, 1.00
2.00, -4.00, 55.00, 11.00, 12.00, 8.00
4.00, -3.00, 84.00, 17.00, 15.00, 11.00
7.00, -1.00, 83.00, 20.00, 15.00, 11.00
3.00, 13.00, 108.00, 20.00, 11.00, 2.00
10.00, 2.00, 120.00, 9.00, -6.00, -19.00
11.00, -39.00, 118.00, 2.00, -21.00, -37.00
4.00, -52.00, 86.00, 3.00, -22.00, -34.00
-13.00, -17.00, 95.00, 6.00, -13.00, -18.00
-13.00, 41.00, 119.00, 4.00, -17.00, -19.00
16.00, 25.00, 132.00, 29.00, -51.00, -54.00
34.00, -34.00, 107.00, 68.00, -89.00, -90.00
-3.00, -55.00, 71.00, 69.00, -87.00, -81.00
-1.00, 0.00, 105.00, 28.00, -53.00, -41.00
29.00, 95.00, 144.00, 1.00, -32.00, -21.00
55.00, 58.00, 135.00, 16.00, -55.00, -54.00
41.00, -4.00, 105.00, 45.00, -90.00, -93.00
44.00, -1.00, 100.00, 56.00, -105.00, -104.00
41.00, 42.00, 106.00, 60.00, -118.00, -110.00
41.00, 81.00, 94.00, 91.00, -156.00, -149.00
41.00, 35.00, 55.00, 159.00, -227.00, -221.00
68.00, 4.00, 25.00, 228.00, -293.00, -285.00
60.00, -18.00, 23.00, 262.00, -319.00, -306.00
25.00, 18.00, 27.00, 257.00, -310.00, -292.00
36.00, 83.00, 47.00, 258.00, -316.00, -293.00
61.00, 53.00, 25.00, 297.00, -357.00, -336.00
58.00, -8.00, 5.00, 339.00, -390.00, -371.00
41.00, -24.00, 1.00, 330.00, -372.00, -351.00
46.00, 38.00, 27.00, 277.00, -316.00, -292.00
47.00, 52.00, 56.00, 228.00, -267.00, -244.00
56.00, 25.00, 65.00, 194.00, -234.00, -212.00
71.00, 45.00, 77.00, 162.00, -204.00, -182.00
62.00, 29.00, 95.00, 134.00, -179.00, -160.00
46.00, 44.00, 98.00, 115.00, -167.00, -146.00
63.00, 74.00, 75.00, 126.00, -185.00, -166.00
62.00, 21.00, 51.00, 174.00, -230.00, -215.00
53.00, -23.00, 51.00, 205.00, -257.00, -244.00
49.00, 13.00, 63.00, 206.00, -257.00, -240.00
62.00, 62.00, 93.00, 207.00, -259.00, -239.00
55.00, 21.00, 100.00, 239.00, -290.00, -269.00
51.00, 6.00, 83.00, 271.00, -324.00, -300.00
50.00, 12.00, 81.00, 288.00, -338.00, -316.00
43.00, 35.00, 90.00, 288.00, -339.00, -320.00
41.00, 74.00, 94.00, 309.00, -362.00, -342.00
59.00, 9.00, 73.00, 356.00, -410.00, -391.00
59.00, 3.00, 79.00, 387.00, -439.00, -423.00
56.00, 33.00, 52.00, 404.00, -459.00, -447.00
55.00, 40.00, 46.00, 439.00, -491.00, -484.00
49.00, -7.00, 34.00, 490.00, -537.00, -531.00
49.00, -7.00, 34.00, 525.00, -570.00, -562.00
52.00, -15.00, 43.00, 539.00, -585.00, -571.00
52.00, -15.00, 43.00, 564.00, -608.00, -591.00
49.00, 0.00, 0.00, 595.00, -627.00, -613.00
39.00, -48.00, 42.00, 592.00, -610.00, -597.00
1.00, -58.00, 27.00, 560.00, -573.00, -552.00
-17.00, -45.00, 4.00, 525.00, -539.00, -508.00
15.00, 31.00, 1.00, 523.00, -531.00, -500.00
15.00, -4.00, 9.00, 510.00, -510.00, -482.00
5.00, -58.00, 19.00, 453.00, -448.00, -419.00
13.00, -2.00, 1.00, 386.00, -374.00, -349.00
1.00, 11.00, 24.00, 324.00, -313.00, -290.00
3.00, 13.00, 38.00, 282.00, -272.00, -251.00
10.00, 25.00, 41.00, 255.00, -245.00, -227.00
1.00, 11.00, 44.00, 230.00, -220.00, -202.00
-8.00, 3.00, 41.00, 194.00, -185.00, -168.00
6.00, 21.00, 39.00, 158.00, -146.00, -135.00
2.00, 29.00, 55.00, 129.00, -118.00, -111.00
-2.00, 19.00, 59.00, 110.00, -101.00, -95.00
3.00, 23.00, 71.00, 102.00, -94.00, -88.00
7.00, -6.00, 52.00, 84.00, -75.00, -71.00
-4.00, 3.00, 54.00, 59.00, -50.00, -47.00
-7.00, 6.00, 59.00, 39.00, -31.00, -29.00
-9.00, 24.00, 64.00, 39.00, -32.00, -31.00
-4.00, 3.00, 63.00, 46.00, -40.00, -37.00
5.00, -11.00, 53.00, 41.00, -34.00, -30.00
3.00, -5.00, 53.00, 26.00, -18.00, -15.00
-3.00, 6.00, 66.00, 16.00, -7.00, -4.00
-5.00, 1.00, 71.00, 9.00, -2.00, 3.00
-3.00, 3.00, 65.00, 3.00, 3.00, 6.00
4.00, 6.00, 60.00, 1.00, 7.00, 9.00
1.00, 1.00, 62.00, 8.00, 13.00, 14.00
-7.00, 3.00, 72.00, 15.00, 21.00, 24.00
-1.00, 9.00, 69.00, 21.00, 27.00, 30.00
4.00, 12.00, 58.00, 30.00, 34.00, 35.00
-2.00, 17.00, 64.00, 32.00, 36.00, 35.00
-5.00, 8.00, 65.00, 30.00, 32.00, 33.00
1.00, 12.00, 63.00, 29.00, 32.00, 34.00
4.00, 8.00, 58.00, 36.00, 40.00, 40.00
-5.00, 20.00, 71.00, 40.00, 43.00, 42.00
-6.00, 17.00, 70.00, 37.00, 38.00, 36.00
4.00, 16.00, 60.00, 31.00, 31.00, 27.00
4.00, 10.00, 60.00, 22.00, 24.00, 19.00
-3.00, -2.00, 63.00, 16.00, 18.00, 17.00
4.00, 2.00, 57.00, 18.00, 21.00, 21.00
7.00, 13.00, 58.00, 22.00, 26.00, 24.00
4.00, 12.00, 63.00, 19.00, 21.00, 18.00
-3.00, 7.00, 62.00, 11.00, 13.00, 11.00
3.00, -7.00, 11.00, 24.00, 26.00, 27.00
12.00, -0.00, 8.00, 26.00, 29.00, 29.00
10.00, -4.00, 24.00, 30.00, 34.00, 33.00
12.00, -8.00, 32.00, 36.00, 40.00, 38.00
22.00, -4.00, 48.00, 35.00, 40.00, 38.00
27.00, -14.00, 64.00, 32.00, 40.00, 39.00
30.00, -23.00, 78.00, 34.00, 46.00, 46.00
31.00, -21.00, 69.00, 41.00, 59.00, 60.00
28.00, -28.00, 58.00, 59.00, 81.00, 85.00
27.00, -21.00, 42.00, 86.00, 112.00, 117.00
25.00, -13.00, 24.00, 116.00, 143.00, 148.00
27.00, -5.00, 2.00, 142.00, 169.00, 176.00
36.00, 1.00, 7.00, 168.00, 196.00, 201.00
33.00, 1.00, 7.00, 200.00, 226.00, 227.00
26.00, -0.00, 18.00, 233.00, 257.00, 256.00
23.00, 16.00, 34.00, 255.00, 277.00, 275.00
21.00, 21.00, 38.00, 264.00, 282.00, 279.00
28.00, 16.00, 28.00, 266.00, 281.00, 275.00
26.00, 11.00, 29.00, 264.00, 279.00, 271.00
17.00, -2.00, 29.00, 265.00, 279.00, 272.00
23.00, 11.00, 21.00, 265.00, 277.00, 268.00
27.00, 16.00, 27.00, 254.00, 266.00, 257.00
22.00, -1.00, 27.00, 243.00, 254.00, 248.00
20.00, 5.00, 19.00, 238.00, 248.00, 242.00
22.00, 18.00, 12.00, 230.00, 239.00, 231.00
21.00, 12.00, 6.00, 217.00, 226.00, 216.00
21.00, 9.00, 3.00, 202.00, 210.00, 200.00
22.00, 8.00, 6.00, 187.00, 197.00, 186.00
24.00, 10.00, 9.00, 173.00, 184.00, 174.00
27.00, 6.00, 7.00, 161.00, 172.00, 163.00
30.00, 4.00, 11.00, 151.00, 165.00, 157.00
31.00, 3.00, 19.00, 150.00, 166.00, 156.00
27.00, 10.00, 24.00, 151.00, 167.00, 155.00
28.00, 6.00, 14.00, 141.00, 159.00, 148.00
28.00, -4.00, 17.00, 132.00, 151.00, 143.00
35.00, -10.00, 26.00, 135.00, 156.00, 149.00
36.00, 1.00, 26.00, 144.00, 166.00, 154.00
30.00, -4.00, 21.00, 143.00, 165.00, 153.00
34.00, -10.00, 11.00, 133.00, 158.00, 151.00
33.00, -21.00, 23.00, 138.00, 164.00, 160.00
40.00, -9.00, 26.00, 158.00, 185.00, 179.00
39.00, 9.00, 18.00, 169.00, 196.00, 188.00
35.00, -3.00, 6.00, 171.00, 199.00, 193.00
37.00, -10.00, 8.00, 178.00, 206.00, 204.00
42.00, -0.00, 9.00, 198.00, 226.00, 222.00
40.00, 23.00, 8.00, 214.00, 242.00, 233.00
32.00, 8.00, 2.00, 215.00, 241.00, 231.00
28.00, -1.00, 0.00, 210.00, 237.00, 231.00
38.00, -6.00, 4.00, 216.00, 244.00, 240.00
38.00, 12.00, 3.00, 233.00, 260.00, 253.00
35.00, 22.00, 0.00, 239.00, 265.00, 254.00
30.00, 1.00, 5.00, 235.00, 260.00, 249.00
29.00, 3.00, 2.00, 232.00, 257.00, 249.00
41.00, 12.00, 4.00, 235.00, 259.00, 250.00
37.00, 16.00, 2.00, 232.00, 255.00, 243.00
33.00, -1.00, 12.00, 227.00, 250.00, 237.00
32.00, -2.00, 15.00, 224.00, 248.00, 235.00
37.00, -5.00, 14.00, 226.00, 249.00, 236.00
30.00, 2.00, 25.00, 224.00, 246.00, 233.00
33.00, -2.00, 24.00, 211.00, 232.00, 218.00
36.00, -13.00, 37.00, 192.00, 213.00, 202.00
37.00, -21.00, 54.00, 181.00, 205.00, 196.00
38.00, -8.00, 45.00, 182.00, 209.00, 200.00
34.00, -1.00, 49.00, 184.00, 213.00, 206.00
35.00, -5.00, 41.00, 186.00, 217.00, 212.00
44.00, -9.00, 43.00, 193.00, 228.00, 225.00
42.00, -0.00, 39.00, 213.00, 251.00, 247.00
39.00, 22.00, 23.00, 237.00, 275.00, 269.00
21.00, 16.00, 22.00, 251.00, 288.00, 281.00
19.00, 10.00, 18.00, 258.00, 293.00, 288.00
27.00, 18.00, 16.00, 269.00, 303.00, 297.00
28.00, 27.00, 7.00, 279.00, 313.00, 304.00
27.00, 27.00, 7.00, 285.00, 316.00, 306.00
14.00, 20.00, 4.00, 285.00, 314.00, 303.00
15.00, 23.00, 3.00, 284.00, 309.00, 297.00
16.00, 24.00, 0.00, 274.00, 296.00, 283.00
13.00, 17.00, 10.00, 259.00, 280.00, 266.00
13.00, 14.00, 0.00, 246.00, 265.00, 249.00
7.00, 5.00, 10.00, 231.00, 249.00, 233.00
5.00, -0.00, 4.00, 219.00, 234.00, 219.00
8.00, 10.00, 21.00, 204.00, 220.00, 206.00
3.00, 7.00, 17.00, 190.00, 204.00, 189.00
3.00, 7.00, 17.00, 173.00, 187.00, 172.00
-2.00, -3.00, 28.00, 154.00, 168.00, 152.00
-2.00, -3.00, 28.00, 136.00, 151.00, 136.00
1.00, -12.00, 37.00, 124.00, 138.00, 126.00
1.00, -15.00, 24.00, 122.00, 138.00, 126.00
6.00, -14.00, 28.00, 123.00, 140.00, 128.00
7.00, -13.00, 24.00, 130.00, 146.00, 134.00
1.00, -17.00, 20.00, 136.00, 149.00, 138.00
-1.00, -16.00, 4.00, 136.00, 144.00, 136.00
1.00, -7.00, 3.00, 126.00, 131.00, 123.00
5.00, -13.00, 15.00, 109.00, 112.00, 104.00
-2.00, -28.00, 26.00, 96.00, 100.00, 93.00
-3.00, -32.00, 31.00, 94.00, 98.00, 92.00
-2.00, -22.00, 24.00, 97.00, 102.00, 97.00
-4.00, -4.00, 27.00, 97.00, 102.00, 97.00
-5.00, -13.00, 23.00, 96.00, 100.00, 95.00
-9.00, -22.00, 33.00, 97.00, 100.00, 97.00
-12.00, -5.00, 25.00, 98.00, 99.00, 98.00
2.00, -8.00, 12.00, 32.00, -31.00, -29.00
-1.00, -15.00, 18.00, 29.00, -27.00, -26.00
-3.00, -2.00, 30.00, 22.00, -21.00, -20.00
-3.00, -2.00, 41.00, 13.00, -13.00, -13.00
4.00, -9.00, 49.00, 5.00, -5.00, -7.00
-6.00, -8.00, 57.00, 7.00, 6.00, 4.00
-5.00, 6.00, 68.00, 20.00, 16.00, 14.00
-1.00, 5.00, 74.00, 26.00, 16.00, 13.00
-1.00, -3.00, 74.00, 24.00, 10.00, 5.00
-1.00, 1.00, 70.00, 20.00, 2.00, -3.00
0.00, 7.00, 71.00, 14.00, -7.00, -10.00
-1.00, 5.00, 65.00, 2.00, -22.00, -24.00
6.00, -4.00, 60.00, 10.00, -38.00, -40.00
5.00, 6.00, 53.00, 23.00, -53.00, -54.00
8.00, 14.00, 50.00, 37.00, -68.00, -69.00
8.00, 14.00, 43.00, 58.00, -90.00, -89.00
8.00, 14.00, 43.00, 81.00, -114.00, -112.00
14.00, -2.00, 25.00, 96.00, -130.00, -126.00
14.00, -2.00, 25.00, 103.00, -135.00, -130.00
14.00, 21.00, 25.00, 112.00, -142.00, -137.00
11.00, 21.00, 26.00, 126.00, -157.00, -151.00
2.00, 22.00, 22.00, 150.00, -183.00, -174.00
2.00, 18.00, 30.00, 182.00, -216.00, -203.00
22.00, 17.00, 20.00, 215.00, -246.00, -234.00
27.00, 7.00, 13.00, 241.00, -267.00, -257.00
21.00, 5.00, 7.00, 258.00, -282.00, -272.00
11.00, 6.00, 24.00, 273.00, -299.00, -285.00
12.00, 3.00, 20.00, 287.00, -313.00, -296.00
23.00, 16.00, 18.00, 301.00, -323.00, -307.00
31.00, 5.00, 5.00, 304.00, -322.00, -310.00
23.00, -15.00, 6.00, 290.00, -306.00, -298.00
14.00, -7.00, 5.00, 271.00, -288.00, -278.00
18.00, 14.00, 26.00, 264.00, -283.00, -272.00
24.00, 22.00, 20.00, 271.00, -290.00, -279.00
24.00, 3.00, 8.00, 274.00, -293.00, -284.00
22.00, -13.00, 1.00, 265.00, -284.00, -275.00
15.00, 2.00, 10.00, 256.00, -276.00, -267.00
20.00, 24.00, 14.00, 259.00, -278.00, -269.00
22.00, 5.00, 15.00, 259.00, -278.00, -270.00
19.00, -5.00, 13.00, 247.00, -266.00, -259.00
17.00, -6.00, 18.00, 229.00, -250.00, -243.00
14.00, 19.00, 27.00, 223.00, -247.00, -239.00
18.00, 15.00, 28.00, 229.00, -256.00, -250.00
33.00, 12.00, 17.00, 239.00, -265.00, -260.00
20.00, -15.00, 13.00, 232.00, -257.00, -255.00
14.00, -0.00, 30.00, 220.00, -248.00, -244.00
9.00, 10.00, 33.00, 222.00, -253.00, -249.00
15.00, 24.00, 25.00, 242.00, -273.00, -269.00
17.00, -15.00, 19.00, 256.00, -287.00, -282.00
10.00, -8.00, 20.00, 259.00, -288.00, -278.00
5.00, -5.00, 21.00, 254.00, -283.00, -271.00
14.00, 14.00, 21.00, 256.00, -284.00, -272.00
14.00, 12.00, 21.00, 265.00, -291.00, -281.00
8.00, -12.00, 21.00, 266.00, -292.00, -281.00
4.00, -3.00, 25.00, 264.00, -291.00, -278.00
19.00, 9.00, 21.00, 264.00, -289.00, -277.00
18.00, -3.00, 15.00, 256.00, -277.00, -267.00
8.00, -12.00, 26.00, 234.00, -256.00, -245.00
2.00, 16.00, 38.00, 222.00, -247.00, -234.00
12.00, 24.00, 47.00, 233.00, -259.00, -246.00
14.00, 11.00, 31.00, 249.00, -276.00, -263.00
17.00, -13.00, 25.00, 259.00, -284.00, -272.00
8.00, 2.00, 31.00, 247.00, -270.00, -258.00
2.00, 16.00, 32.00, 233.00, -257.00, -246.00
19.00, 37.00, 29.00, 236.00, -261.00, -252.00
15.00, 1.00, 18.00, 255.00, -278.00, -270.00
8.00, -20.00, 16.00, 255.00, -276.00, -268.00
9.00, 4.00, 33.00, 239.00, -261.00, -251.00
8.00, 27.00, 30.00, 229.00, -252.00, -242.00
11.00, 28.00, 29.00, 242.00, -265.00, -256.00
13.00, -13.00, 17.00, 264.00, -287.00, -278.00
8.00, -14.00, 19.00, 266.00, -287.00, -278.00
0.00, -2.00, 34.00, 255.00, -273.00, -264.00
2.00, 23.00, 35.00, 246.00, -265.00, -253.00
2.00, 11.00, 39.00, 255.00, -275.00, -263.00
7.00, -19.00, 31.00, 265.00, -286.00, -275.00
8.00, -3.00, 45.00, 262.00, -284.00, -271.00
18.00, 26.00, 37.00, 263.00, -288.00, -275.00
25.00, 21.00, 21.00, 285.00, -309.00, -299.00
10.00, -20.00, 2.00, 308.00, -326.00, -320.00
-1.00, -31.00, 13.00, 306.00, -320.00, -315.00
-6.00, -8.00, 25.00, 282.00, -295.00, -286.00
12.00, 21.00, 14.00, 263.00, -278.00, -266.00
5.00, -3.00, 4.00, 262.00, -271.00, -264.00
-6.00, -27.00, 1.00, 253.00, -258.00, -253.00
-10.00, -4.00, 15.00, 232.00, -237.00, -228.00
-3.00, 8.00, 19.00, 214.00, -221.00, -210.00
12.00, 11.00, 12.00, 209.00, -218.00, -207.00
11.00, -2.00, 4.00, 216.00, -222.00, -215.00
1.00, -19.00, 3.00, 216.00, -220.00, -214.00
-4.00, -3.00, 11.00, 205.00, -205.00, -199.00
-5.00, -1.00, 15.00, 191.00, -190.00, -182.00
3.00, -2.00, 11.00, 181.00, -178.00, -170.00
-1.00, -3.00, 13.00, 170.00, -164.00, -157.00
-8.00, -9.00, 15.00, 153.00, -145.00, -139.00
-8.00, -0.00, 26.00, 130.00, -123.00, -115.00
-6.00, 10.00, 29.00, 109.00, -102.00, -93.00
-1.00, 10.00, 31.00, 93.00, -87.00, -80.00
-6.00, 4.00, 28.00, 85.00, -78.00, -74.00
-12.00, -4.00, 32.00, 77.00, -71.00, -68.00
14.00, -9.00, 17.00, 11.00, 11.00, 11.00
15.00, -12.00, 35.00, 13.00, 15.00, 16.00
22.00, -13.00, 51.00, 18.00, 23.00, 23.00
27.00, -8.00, 61.00, 22.00, 30.00, 30.00
27.00, -8.00, 69.00, 22.00, 34.00, 36.00
30.00, -23.00, 72.00, 28.00, 45.00, 49.00
36.00, -19.00, 78.00, 47.00, 67.00, 71.00
43.00, -12.00, 77.00, 73.00, 96.00, 96.00
44.00, 0.00, 74.00, 92.00, 117.00, 115.00
43.00, -8.00, 70.00, 102.00, 131.00, 129.00
53.00, -16.00, 71.00, 115.00, 148.00, 147.00
54.00, -16.00, 75.00, 138.00, 175.00, 174.00
51.00, -12.00, 59.00, 168.00, 207.00, 204.00
53.00, -7.00, 48.00, 195.00, 237.00, 237.00
53.00, -4.00, 35.00, 227.00, 271.00, 272.00
60.00, 2.00, 33.00, 266.00, 311.00, 308.00
62.00, 14.00, 22.00, 301.00, 348.00, 342.00
52.00, 11.00, 14.00, 331.00, 378.00, 369.00
57.00, 16.00, 6.00, 353.00, 402.00, 393.00
57.00, 6.00, 8.00, 380.00, 426.00, 415.00
56.00, 3.00, 2.00, 408.00, 453.00, 439.00
55.00, 17.00, 17.00, 424.00, 467.00, 453.00
52.00, 10.00, 15.00, 431.00, 473.00, 460.00
53.00, 3.00, 10.00, 438.00, 479.00, 465.00
53.00, 4.00, 5.00, 447.00, 485.00, 469.00
51.00, 12.00, 18.00, 449.00, 486.00, 470.00
44.00, 15.00, 27.00, 443.00, 480.00, 466.00
41.00, 11.00, 11.00, 439.00, 476.00, 462.00
46.00, 5.00, 8.00, 440.00, 474.00, 458.00
45.00, 11.00, 25.00, 436.00, 470.00, 455.00
45.00, 8.00, 39.00, 429.00, 464.00, 452.00
45.00, 12.00, 29.00, 428.00, 465.00, 455.00
37.00, 19.00, 18.00, 436.00, 469.00, 456.00
39.00, 31.00, 24.00, 437.00, 465.00, 449.00
39.00, 32.00, 25.00, 417.00, 443.00, 426.00
39.00, 17.00, 19.00, 387.00, 414.00, 398.00
39.00, 5.00, 0.00, 364.00, 390.00, 376.00
40.00, 4.00, 10.00, 352.00, 378.00, 363.00
39.00, 14.00, 5.00, 341.00, 366.00, 351.00
40.00, 16.00, 16.00, 324.00, 351.00, 337.00
39.00, 5.00, 13.00, 309.00, 338.00, 324.00
40.00, 6.00, 16.00, 299.00, 330.00, 318.00
41.00, -1.00, 23.00, 300.00, 331.00, 319.00
39.00, -2.00, 15.00, 306.00, 338.00, 327.00
39.00, 4.00, 5.00, 315.00, 348.00, 337.00
35.00, 13.00, 1.00, 322.00, 356.00, 344.00
34.00, 18.00, 4.00, 324.00, 357.00, 345.00
32.00, 4.00, 4.00, 324.00, 355.00, 343.00
30.00, -3.00, 7.00, 326.00, 356.00, 344.00
26.00, 2.00, 3.00, 331.00, 358.00, 348.00
30.00, 27.00, 2.00, 333.00, 360.00, 350.00
29.00, 15.00, 11.00, 321.00, 347.00, 335.00
28.00, -6.00, 28.00, 305.00, 330.00, 319.00
27.00, -21.00, 16.00, 302.00, 326.00, 319.00
26.00, -23.00, 12.00, 307.00, 330.00, 324.00
43.00, 22.00, 4.00, 314.00, 337.00, 332.00
42.00, 18.00, 20.00, 317.00, 342.00, 332.00
42.00, 18.00, 20.00, 316.00, 342.00, 329.00
19.00, -42.00, 1.00, 318.00, 344.00, 335.00
19.00, -42.00, 1.00, 332.00, 355.00, 348.00
18.00, -19.00, 7.00, 342.00, 364.00, 359.00
38.00, 33.00, 6.00, 341.00, 362.00, 354.00
31.00, 8.00, 20.00, 327.00, 350.00, 338.00
25.00, -15.00, 17.00, 319.00, 341.00, 330.00
24.00, -25.00, 5.00, 320.00, 340.00, 331.00
21.00, 2.00, 5.00, 321.00, 338.00, 331.00
22.00, 30.00, 3.00, 311.00, 324.00, 315.00
32.00, 4.00, 26.00, 292.00, 304.00, 291.00
30.00, -19.00, 23.00, 278.00, 291.00, 277.00
18.00, -12.00, 6.00, 268.00, 279.00, 267.00
26.00, 2.00, 5.00, 257.00, 265.00, 252.00
23.00, -3.00, 18.00, 242.00, 250.00, 238.00
22.00, -17.00, 22.00, 230.00, 238.00, 226.00
24.00, -13.00, 30.00, 223.00, 234.00, 222.00
13.00, -6.00, 16.00, 220.00, 231.00, 221.00
18.00, -7.00, 15.00, 217.00, 226.00, 216.00
20.00, -17.00, 14.00, 217.00, 224.00, 214.00
13.00, -5.00, 9.00, 215.00, 221.00, 211.00
18.00, 6.00, 1.00, 209.00, 214.00, 205.00
10.00, -2.00, 1.00, 200.00, 203.00, 194.00
6.00, -3.00, 4.00, 186.00, 188.00, 181.00
13.00, -2.00, 10.00, 173.00, 173.00, 167.00
15.00, -5.00, 18.00, 162.00, 163.00, 155.00
14.00, -6.00, 15.00, 158.00, 158.00, 150.00
3.00, 3.00, 7.00, 153.00, 152.00, 146.00
5.00, 11.00, 0.00, 142.00, 138.00, 132.00
12.00, 2.00, 9.00, 123.00, 118.00, 112.00
12.00, -8.00, 14.00, 107.00, 102.00, 96.00
9.00, -4.00, 12.00, 97.00, 90.00, 85.00
10.00, 6.00, 3.00, 86.00, 79.00, 74.00
7.00, 12.00, 12.00, 72.00, 63.00, 58.00
9.00, 5.00, 8.00, 52.00, 42.00, 37.00
5.00, -5.00, 18.00, 31.00, 20.00, 15.00
7.00, -6.00, 16.00, 13.00, 3.00, -1.00
10.00, -4.00, 18.00, 1.00, -11.00, -15.00
9.00, -1.00, 27.00, 14.00, -23.00, -27.00
3.00, -3.00, 36.00, 25.00, -32.00, -35.00
7.00, -13.00, 42.00, 30.00, -37.00, -38.00
10.00, -5.00, 38.00, 33.00, -39.00, -38.00
11.00, 0.00, 34.00, 37.00, -42.00, -42.00
-3.00, 4.00, 18.00, 9.00, 8.00, 7.00
1.00, 4.00, 40.00, 4.00, 1.00, 2.00
1.00, 4.00, 40.00, 3.00, -5.00, -6.00
-12.00, -8.00, 80.00, 8.00, -11.00, -12.00
-12.00, -8.00, 80.00, 11.00, -17.00, -17.00
-14.00, -11.00, 103.00, 18.00, -29.00, -30.00
-9.00, -33.00, 116.00, 20.00, -36.00, -38.00
-3.00, -34.00, 109.00, 18.00, -37.00, -37.00
-5.00, -1.00, 84.00, 18.00, -41.00, -41.00
2.00, 20.00, 77.00, 30.00, -59.00, -63.00
9.00, 13.00, 81.00, 60.00, -91.00, -96.00
22.00, -7.00, 73.00, 87.00, -119.00, -123.00
20.00, -19.00, 61.00, 99.00, -133.00, -131.00
15.00, -17.00, 44.00, 103.00, -139.00, -137.00
15.00, 2.00, 39.00, 108.00, -149.00, -145.00
24.00, 29.00, 81.00, 136.00, -179.00, -173.00
28.00, 18.00, 71.00, 165.00, -212.00, -204.00
27.00, -7.00, 54.00, 182.00, -232.00, -223.00
30.00, -7.00, 22.00, 187.00, -238.00, -229.00
29.00, 9.00, 30.00, 190.00, -242.00, -232.00
39.00, 32.00, 47.00, 202.00, -254.00, -243.00
43.00, 20.00, 47.00, 218.00, -268.00, -255.00
37.00, 18.00, 34.00, 229.00, -278.00, -265.00
42.00, 15.00, 18.00, 233.00, -281.00, -268.00
29.00, 14.00, 16.00, 235.00, -283.00, -269.00
31.00, 30.00, 29.00, 246.00, -295.00, -278.00
38.00, 37.00, 31.00, 272.00, -321.00, -303.00
51.00, 32.00, 29.00, 304.00, -351.00, -334.00
52.00, 7.00, 23.00, 325.00, -370.00, -354.00
50.00, 2.00, 16.00, 333.00, -377.00, -359.00
45.00, 19.00, 19.00, 338.00, -384.00, -366.00
49.00, 29.00, 17.00, 355.00, -401.00, -384.00
54.00, 32.00, 19.00, 385.00, -429.00, -413.00
58.00, 17.00, 13.00, 415.00, -456.00, -442.00
57.00, 4.00, 5.00, 431.00, -469.00, -456.00
51.00, -6.00, 10.00, 429.00, -465.00, -452.00
35.00, -1.00, 0.00, 420.00, -455.00, -441.00
43.00, 17.00, 5.00, 417.00, -451.00, -437.00
57.00, 27.00, 9.00, 422.00, -451.00, -441.00
45.00, -4.00, 3.00, 412.00, -437.00, -428.00
32.00, -32.00, 5.00, 374.00, -401.00, -389.00
31.00, 6.00, 13.00, 332.00, -361.00, -346.00
45.00, 34.00, 26.00, 315.00, -343.00, -331.00
42.00, 23.00, 18.00, 308.00, -336.00, -325.00
34.00, -7.00, 20.00, 295.00, -321.00, -312.00
28.00, -2.00, 29.00, 275.00, -303.00, -292.00
41.00, 15.00, 25.00, 254.00, -283.00, -272.00
54.00, 27.00, 34.00, 242.00, -268.00, -259.00
34.00, -21.00, 31.00, 227.00, -247.00, -242.00
14.00, -24.00, 38.00, 185.00, -205.00, -198.00
9.00, 20.00, 60.00, 139.00, -163.00, -152.00
24.00, 44.00, 60.00, 121.00, -150.00, -138.00
42.00, 32.00, 44.00, 132.00, -164.00, -155.00
43.00, -6.00, 33.00, 145.00, -176.00, -172.00
27.00, -1.00, 46.00, 142.00, -172.00, -169.00
15.00, 20.00, 59.00, 132.00, -166.00, -162.00
22.00, 42.00, 57.00, 146.00, -183.00, -178.00
31.00, 17.00, 45.00, 187.00, -223.00, -220.00
22.00, -17.00, 37.00, 223.00, -255.00, -253.00
17.00, -10.00, 57.00, 240.00, -270.00, -262.00
26.00, 12.00, 45.00, 251.00, -282.00, -268.00
31.00, 11.00, 32.00, 265.00, -293.00, -283.00
9.00, -19.00, 21.00, 275.00, -294.00, -287.00
-1.00, -20.00, 22.00, 253.00, -270.00, -263.00
3.00, 16.00, 62.00, 220.00, -240.00, -231.00
14.00, 15.00, 52.00, 210.00, -235.00, -223.00
29.00, 28.00, 38.00, 224.00, -252.00, -243.00
22.00, -18.00, 25.00, 253.00, -277.00, -273.00
5.00, -37.00, 18.00, 260.00, -280.00, -276.00
9.00, 3.00, 37.00, 250.00, -270.00, -262.00
11.00, 17.00, 36.00, 253.00, -271.00, -261.00
12.00, -15.00, 24.00, 271.00, -286.00, -276.00
6.00, -21.00, 19.00, 284.00, -296.00, -286.00
2.00, -17.00, 22.00, 289.00, -299.00, -287.00
6.00, -13.00, 13.00, 290.00, -297.00, -281.00
7.00, -11.00, 10.00, 284.00, -285.00, -268.00
-2.00, -10.00, 13.00, 264.00, -258.00, -241.00
-12.00, 4.00, 20.00, 229.00, -218.00, -201.00
-15.00, 13.00, 34.00, 187.00, -178.00, -162.00
-7.00, 21.00, 39.00, 152.00, -145.00, -130.00
-1.00, 33.00, 40.00, 130.00, -122.00, -108.00
-5.00, 12.00, 39.00, 112.00, -105.00, -95.00
-8.00, 14.00, 42.00, 90.00, -83.00, -77.00
-5.00, 25.00, 52.00, 67.00, -62.00, -57.00
-0.00, 30.00, 51.00, 51.00, -47.00, -44.00
-3.00, 13.00, 50.00, 43.00, -40.00, -41.00
-2.00, 4.00, 47.00, 39.00, -38.00, -42.00
2.00, 10.00, 46.00, 37.00, -37.00, -40.00
-3.00, 2.00, 43.00, 38.00, -37.00, -41.00
-4.00, -4.00, 42.00, 40.00, -38.00, -42.00
-8.00, -6.00, 36.00, 40.00, -38.00, -40.00
-2.00, -7.00, 38.00, 35.00, -33.00, -34.00
-5.00, 2.00, 41.00, 28.00, -26.00, -27.00
-4.00, -2.00, 38.00, 25.00, -23.00, -23.00
-4.00, -2.00, 38.00, 22.00, -20.00, -20.00
-4.00, 1.00, 40.00, 18.00, -16.00, -16.00
-4.00, 1.00, 40.00, 14.00, -12.00, -11.00
-4.00, -3.00, 40.00, 8.00, -6.00, -5.00
-8.00, 1.00, 42.00, 3.00, -1.00, 0.00
-6.00, 4.00, 43.00, 1.00, 2.00, 3.00, 
16.00, 5.00, 12.00, 9.00, 10.00, 9.00
28.00, 5.00, 24.00, 8.00, 9.00, 7.00
35.00, 2.00, 40.00, 7.00, 9.00, 5.00
37.00, 3.00, 46.00, 5.00, 10.00, 3.00
29.00, -4.00, 50.00, 3.00, 10.00, 2.00
32.00, -15.00, 51.00, 6.00, 16.00, 8.00
40.00, -15.00, 55.00, 15.00, 27.00, 16.00
40.00, -7.00, 50.00, 24.00, 39.00, 27.00
40.00, -8.00, 45.00, 32.00, 49.00, 35.00
43.00, -16.00, 48.00, 41.00, 59.00, 45.00
44.00, -11.00, 39.00, 53.00, 73.00, 58.00
34.00, -9.00, 34.00, 62.00, 86.00, 71.00
28.00, -7.00, 29.00, 72.00, 96.00, 82.00
32.00, -1.00, 28.00, 82.00, 106.00, 90.00
22.00, -2.00, 16.00, 84.00, 111.00, 97.00
9.00, -6.00, 15.00, 85.00, 116.00, 106.00
10.00, -6.00, 16.00, 98.00, 129.00, 121.00
14.00, 6.00, 4.00, 119.00, 152.00, 144.00
10.00, 13.00, 17.00, 136.00, 171.00, 161.00
-1.00, 10.00, 20.00, 148.00, 185.00, 177.00
-7.00, 1.00, 30.00, 166.00, 203.00, 196.00
-2.00, 8.00, 32.00, 189.00, 225.00, 218.00
1.00, 17.00, 34.00, 208.00, 242.00, 233.00
-9.00, 8.00, 45.00, 216.00, 251.00, 239.00
-11.00, 2.00, 43.00, 220.00, 258.00, 248.00
-6.00, -1.00, 40.00, 234.00, 274.00, 263.00
6.00, 1.00, 45.00, 260.00, 296.00, 282.00
-2.00, 12.00, 62.00, 273.00, 305.00, 290.00
-5.00, 6.00, 49.00, 270.00, 302.00, 285.00
-5.00, -7.00, 37.00, 267.00, 296.00, 280.00
4.00, -4.00, 34.00, 267.00, 294.00, 277.00
5.00, 8.00, 33.00, 263.00, 285.00, 268.00
-7.00, -1.00, 24.00, 249.00, 272.00, 256.00
-9.00, -14.00, 12.00, 231.00, 256.00, 242.00
-6.00, -12.00, 9.00, 222.00, 246.00, 234.00
-1.00, 4.00, 14.00, 223.00, 244.00, 237.00
5.00, 11.00, 16.00, 221.00, 242.00, 235.00
1.00, 8.00, 3.00, 210.00, 232.00, 226.00
-6.00, -2.00, 3.00, 200.00, 223.00, 219.00
-10.00, 3.00, 1.00, 197.00, 219.00, 217.00
-13.00, 10.00, 3.00, 197.00, 220.00, 220.00
-9.00, 22.00, 6.00, 197.00, 222.00, 222.00
-3.00, 19.00, 4.00, 192.00, 220.00, 220.00
-3.00, 5.00, 1.00, 189.00, 219.00, 217.00
-4.00, 9.00, 6.00, 195.00, 226.00, 223.00
-4.00, 9.00, 6.00, 208.00, 239.00, 235.00
-2.00, 16.00, 17.00, 217.00, 250.00, 244.00
-2.00, 16.00, 17.00, 221.00, 254.00, 246.00
-7.00, 13.00, 15.00, 227.00, 260.00, 249.00
-12.00, -0.00, 12.00, 239.00, 270.00, 259.00
-12.00, 10.00, 24.00, 248.00, 275.00, 264.00
-6.00, 24.00, 34.00, 239.00, 264.00, 253.00
-3.00, 10.00, 24.00, 221.00, 246.00, 236.00
-8.00, -14.00, 10.00, 212.00, 236.00, 227.00
-9.00, -23.00, 5.00, 217.00, 240.00, 233.00
-2.00, -13.00, 23.00, 228.00, 251.00, 245.00
-1.00, 17.00, 27.00, 232.00, 254.00, 246.00
-1.00, 14.00, 26.00, 225.00, 245.00, 235.00
-2.00, -10.00, 19.00, 218.00, 237.00, 227.00
-2.00, -28.00, 14.00, 221.00, 239.00, 231.00
-2.00, -11.00, 17.00, 232.00, 249.00, 242.00
-1.00, 5.00, 19.00, 237.00, 251.00, 242.00
8.00, 3.00, 29.00, 230.00, 242.00, 232.00
7.00, -9.00, 18.00, 221.00, 230.00, 221.00
4.00, -21.00, 19.00, 218.00, 224.00, 217.00
4.00, -3.00, 17.00, 213.00, 216.00, 210.00
6.00, -1.00, 18.00, 205.00, 205.00, 198.00
2.00, -9.00, 5.00, 192.00, 191.00, 186.00
5.00, -5.00, 5.00, 181.00, 179.00, 175.00
6.00, -5.00, 2.00, 170.00, 167.00, 163.00
6.00, -0.00, 3.00, 160.00, 157.00, 153.00
6.00, -0.00, 5.00, 149.00, 146.00, 142.00
7.00, -1.00, 5.00, 140.00, 137.00, 134.00
2.00, -0.00, 4.00, 131.00, 128.00, 126.00
6.00, 1.00, 3.00, 123.00, 121.00, 118.00
7.00, 3.00, 4.00, 117.00, 115.00, 112.00
8.00, 9.00, 8.00, 110.00, 108.00, 105.00
5.00, 9.00, 5.00, 103.00, 100.00, 96.00
8.00, 4.00, 1.00, 93.00, 90.00, 88.00
7.00, 9.00, 3.00, 85.00, 83.00, 80.00
6.00, 9.00, 1.00, 76.00, 73.00, 70.00
6.00, 6.00, 3.00, 66.00, 61.00, 58.00
5.00, 3.00, 1.00, 55.00, 50.00, 48.00
8.00, 7.00, 6.00, 44.00, 40.00, 38.00
9.00, 3.00, 9.00, 35.00, 32.00, 29.00
6.00, -5.00, 9.00, 31.00, 29.00, 26.00
7.00, 2.00, 3.00, 29.00, 28.00, 25.00
8.00, 6.00, 1.00, 25.00, 23.00, 21.00
6.00, -1.00, 5.00, 18.00, 15.00, 13.00
7.00, -5.00, 3.00, 12.00, 9.00, 8.00
8.00, -0.00, 7.00, 7.00, 5.00, 5.00
6.00, -0.00, 8.00, 5.00, 3.00, 3.00
5.00, -2.00, 9.00, 4.00, 3.00, 2.00
7.00, 1.00, 6.00, 5.00, 3.00, 3.00
7.00, 4.00, 3.00, 4.00, 2.00, 2.00
9.00, 2.00, 9.00, 1.00, 0.00, -0.00
7.00, -1.00, 9.00, 0.00, -1.00, -2.00
7.00, 1.00, 7.00, 0.00, -2.00, -2.00
8.00, -3.00, 5.00, 2.00, -3.00, -3.00
9.00, 1.00, 8.00, 3.00, -4.00, -4.00
-4.00, -3.00, 12.00, 4.00, 5.00, 5.00
-5.00, -4.00, 23.00, 4.00, 6.00, 5.00
-9.00, -5.00, 31.00, 2.00, 6.00, 5.00
-12.00, 0.00, 33.00, 0.00, 4.00, 3.00
-17.00, 4.00, 47.00, 12.00, -7.00, -7.00
-17.00, -2.00, 43.00, 24.00, -18.00, -17.00
-14.00, -17.00, 50.00, 30.00, -23.00, -18.00
-7.00, -10.00, 59.00, 25.00, -18.00, -13.00
-10.00, -6.00, 61.00, 21.00, -18.00, -13.00
-6.00, -6.00, 62.00, 26.00, -31.00, -24.00
5.00, -13.00, 52.00, 37.00, -43.00, -35.00
23.00, -9.00, 39.00, 41.00, -50.00, -42.00
27.00, -10.00, 33.00, 39.00, -48.00, -41.00
10.00, -25.00, 25.00, 25.00, -36.00, -30.00
-1.00, -8.00, 36.00, 5.00, -23.00, -14.00
24.00, 24.00, 39.00, 7.00, -32.00, -22.00
32.00, 13.00, 23.00, 34.00, -61.00, -53.00
30.00, -14.00, 3.00, 58.00, -85.00, -77.00
25.00, -12.00, 1.00, 60.00, -87.00, -79.00
23.00, 20.00, 6.00, 59.00, -87.00, -78.00
34.00, 31.00, 3.00, 73.00, -103.00, -94.00
42.00, 8.00, 7.00, 94.00, -121.00, -116.00
20.00, -17.00, 6.00, 97.00, -123.00, -118.00
5.00, 11.00, 10.00, 85.00, -114.00, -108.00
8.00, 39.00, 19.00, 93.00, -126.00, -118.00
35.00, 26.00, 3.00, 126.00, -161.00, -153.00
42.00, -11.00, 19.00, 156.00, -187.00, -180.00
27.00, -19.00, 10.00, 153.00, -180.00, -172.00
17.00, 22.00, 5.00, 135.00, -164.00, -154.00
24.00, 52.00, 7.00, 142.00, -174.00, -164.00
37.00, 20.00, 16.00, 176.00, -209.00, -201.00
42.00, -8.00, 29.00, 201.00, -230.00, -222.00
33.00, 5.00, 16.00, 202.00, -227.00, -219.00
20.00, 19.00, 1.00, 195.00, -220.00, -213.00
19.00, 29.00, 1.00, 204.00, -232.00, -225.00
31.00, -3.00, 7.00, 227.00, -255.00, -249.00
25.00, -17.00, 3.00, 239.00, -263.00, -256.00
21.00, 2.00, 5.00, 231.00, -255.00, -247.00
27.00, 21.00, 10.00, 225.00, -251.00, -242.00
32.00, 21.00, 9.00, 236.00, -263.00, -256.00
35.00, -2.00, 5.00, 253.00, -281.00, -274.00
32.00, -4.00, 7.00, 262.00, -288.00, -281.00
18.00, -5.00, 11.00, 260.00, -285.00, -279.00
13.00, 10.00, 13.00, 260.00, -286.00, -280.00
9.00, 4.00, 14.00, 273.00, -301.00, -293.00
20.00, -5.00, 13.00, 289.00, -318.00, -308.00
25.00, -9.00, 11.00, 298.00, -327.00, -315.00
20.00, 4.00, 16.00, 294.00, -322.00, -309.00
20.00, 16.00, 18.00, 286.00, -316.00, -304.00
29.00, 27.00, 16.00, 292.00, -325.00, -316.00
16.00, 3.00, 2.00, 313.00, -346.00, -340.00
10.00, -1.00, 5.00, 334.00, -367.00, -361.00
13.00, 0.00, 10.00, 349.00, -383.00, -375.00
30.00, 13.00, 2.00, 364.00, -400.00, -390.00
25.00, -9.00, 17.00, 384.00, -417.00, -408.00
14.00, -7.00, 21.00, 390.00, -421.00, -414.00
16.00, -9.00, 30.00, 393.00, -423.00, -416.00
17.00, 5.00, 16.00, 397.00, -426.00, -421.00
11.00, -17.00, 14.00, 410.00, -440.00, -433.00
30.00, -6.00, 26.00, 422.00, -453.00, -444.00
24.00, -28.00, 35.00, 425.00, -452.00, -444.00
-1.00, -29.00, 1.00, 406.00, -427.00, -419.00
-16.00, 0.00, 29.00, 376.00, -403.00, -392.00
11.00, 39.00, 15.00, 380.00, -420.00, -407.00
11.00, -10.00, 21.00, 442.00, -476.00, -464.00
2.00, -49.00, 25.00, 482.00, -512.00, -500.00
3.00, -9.00, 11.00, 483.00, -514.00, -498.00
18.00, 13.00, 5.00, 474.00, -511.00, -496.00
23.00, 1.00, 21.00, 488.00, -522.00, -509.00
5.00, -42.00, 46.00, 504.00, -533.00, -522.00
-15.00, -37.00, 51.00, 489.00, -512.00, -502.00
-25.00, -6.00, 29.00, 451.00, -471.00, -458.00
6.00, 29.00, 40.00, 420.00, -445.00, -429.00
22.00, 16.00, 64.00, 422.00, -443.00, -431.00
22.00, 16.00, 64.00, 423.00, -433.00, -428.00
-16.00, -28.00, 70.00, 377.00, -377.00, -373.00
-16.00, -28.00, 70.00, 302.00, -300.00, -295.00
-33.00, 9.00, 26.00, 247.00, -249.00, -242.00
-21.00, 35.00, 15.00, 237.00, -244.00, -238.00
-17.00, 27.00, 17.00, 260.00, -264.00, -257.00
-21.00, -18.00, 32.00, 271.00, -273.00, -265.00
-15.00, -25.00, 45.00, 257.00, -255.00, -246.00
-8.00, -4.00, 43.00, 229.00, -218.00, -213.00
-20.00, -12.00, 31.00, 187.00, -174.00, -171.00
-31.00, -22.00, 17.00, 141.00, -129.00, -126.00
-32.00, 2.00, 3.00, 108.00, -101.00, -98.00
-21.00, 19.00, 4.00, 103.00, -97.00, -95.00
-25.00, 4.00, 3.00, 110.00, -104.00, -102.00
-30.00, -25.00, 11.00, 104.00, -98.00, -93.00
-29.00, -17.00, 14.00, 86.00, -80.00, -75.00
-14.00, 8.00, 14.00, 73.00, -65.00, -63.00
-19.00, 5.00, 16.00, 66.00, -56.00, -56.00
-34.00, -18.00, 12.00, 53.00, -43.00, -43.00
-32.00, -20.00, 12.00, 33.00, -26.00, -24.00
-26.00, -2.00, 3.00, 17.00, -12.00, -10.00
-25.00, 4.00, 3.00, 13.00, -7.00, -6.00
-27.00, -11.00, 2.00, 9.00, -3.00, -2.00
-30.00, -14.00, 2.00, 1.00, 2.00, 4.00
-26.00, -6.00, 4.00, 6.00, 9.00, 11.00
-25.00, -3.00, 4.00, 10.00, 12.00, 14.00
13.00, -3.00, 12.00, 8.00, -8.00, -7.00
22.00, -1.00, 16.00, 5.00, -4.00, -4.00
28.00, -4.00, 32.00, 2.00, 1.00, -0.00
34.00, -6.00, 50.00, 1.00, 6.00, 4.00
45.00, -22.00, 69.00, 3.00, 11.00, 10.00
58.00, -13.00, 83.00, 10.00, 23.00, 22.00
68.00, -24.00, 96.00, 23.00, 39.00, 36.00
76.00, -17.00, 97.00, 41.00, 63.00, 57.00
66.00, -16.00, 84.00, 61.00, 90.00, 83.00
61.00, -13.00, 79.00, 79.00, 113.00, 109.00
72.00, -8.00, 74.00, 99.00, 137.00, 135.00
64.00, 1.00, 60.00, 125.00, 171.00, 170.00
52.00, 2.00, 38.00, 162.00, 215.00, 215.00
45.00, 8.00, 17.00, 213.00, 272.00, 274.00
48.00, 28.00, 7.00, 279.00, 339.00, 339.00
47.00, 40.00, 12.00, 342.00, 399.00, 395.00
48.00, 36.00, 35.00, 390.00, 444.00, 432.00
40.00, 30.00, 41.00, 416.00, 470.00, 455.00
33.00, 17.00, 43.00, 437.00, 488.00, 470.00
42.00, 24.00, 33.00, 460.00, 504.00, 485.00
59.00, 22.00, 40.00, 473.00, 509.00, 484.00
59.00, 22.00, 40.00, 456.00, 491.00, 460.00
39.00, 3.00, 32.00, 418.00, 453.00, 424.00
39.00, 3.00, 32.00, 380.00, 416.00, 392.00
44.00, -21.00, 4.00, 367.00, 401.00, 382.00
53.00, -40.00, 4.00, 368.00, 406.00, 390.00
45.00, -5.00, 27.00, 366.00, 408.00, 396.00
28.00, 15.00, 40.00, 354.00, 398.00, 389.00
22.00, -4.00, 29.00, 345.00, 386.00, 381.00
34.00, -14.00, 12.00, 351.00, 389.00, 386.00
56.00, -9.00, 18.00, 366.00, 405.00, 398.00
50.00, 13.00, 34.00, 377.00, 419.00, 410.00
36.00, 17.00, 43.00, 382.00, 422.00, 415.00
41.00, 7.00, 28.00, 385.00, 422.00, 416.00
52.00, -2.00, 22.00, 391.00, 427.00, 419.00
51.00, 14.00, 30.00, 392.00, 430.00, 421.00
45.00, 20.00, 30.00, 392.00, 429.00, 418.00
40.00, 4.00, 20.00, 392.00, 426.00, 415.00
48.00, 20.00, 21.00, 390.00, 420.00, 411.00
57.00, 21.00, 23.00, 380.00, 409.00, 398.00
56.00, 18.00, 13.00, 365.00, 395.00, 381.00
52.00, 6.00, 8.00, 351.00, 382.00, 368.00
49.00, -10.00, 5.00, 348.00, 380.00, 370.00
53.00, -1.00, 2.00, 358.00, 390.00, 382.00
53.00, 10.00, 17.00, 367.00, 400.00, 391.00
62.00, 17.00, 20.00, 372.00, 405.00, 392.00
65.00, 18.00, 14.00, 368.00, 402.00, 386.00
60.00, 1.00, 12.00, 362.00, 393.00, 377.00
59.00, -7.00, 3.00, 359.00, 388.00, 373.00
52.00, 1.00, 8.00, 357.00, 385.00, 370.00
55.00, 16.00, 15.00, 350.00, 376.00, 361.00
58.00, 10.00, 8.00, 336.00, 361.00, 345.00
54.00, -4.00, 7.00, 322.00, 346.00, 331.00
50.00, -4.00, 4.00, 312.00, 335.00, 322.00
48.00, 3.00, 6.00, 302.00, 324.00, 313.00
48.00, 8.00, 18.00, 286.00, 309.00, 298.00
51.00, 10.00, 11.00, 270.00, 293.00, 283.00
42.00, -6.00, 1.00, 259.00, 282.00, 273.00
35.00, 3.00, 8.00, 252.00, 272.00, 266.00
34.00, 19.00, 10.00, 238.00, 255.00, 250.00
35.00, 28.00, 4.00, 212.00, 225.00, 221.00
38.00, 22.00, 8.00, 179.00, 193.00, 188.00
33.00, 4.00, 12.00, 152.00, 167.00, 163.00
41.00, -4.00, 11.00, 139.00, 154.00, 151.00
46.00, 3.00, 11.00, 136.00, 151.00, 147.00
42.00, 11.00, 19.00, 134.00, 147.00, 142.00
34.00, 6.00, 8.00, 127.00, 140.00, 132.00
31.00, 4.00, 13.00, 118.00, 131.00, 122.00
28.00, -13.00, 21.00, 110.00, 122.00, 116.00
28.00, -20.00, 25.00, 110.00, 121.00, 117.00
34.00, -13.00, 4.00, 114.00, 123.00, 120.00
47.00, 12.00, 8.00, 116.00, 124.00, 119.00
43.00, 2.00, 31.00, 116.00, 124.00, 116.00
27.00, -18.00, 27.00, 119.00, 127.00, 118.00
28.00, -18.00, 7.00, 125.00, 130.00, 123.00
36.00, 10.00, 13.00, 123.00, 123.00, 116.00
35.00, 14.00, 12.00, 108.00, 108.00, 97.00
34.00, -13.00, 22.00, 92.00, 91.00, 78.00
25.00, -23.00, 27.00, 82.00, 82.00, 71.00
21.00, -14.00, 11.00, 79.00, 76.00, 70.00
24.00, 7.00, 8.00, 69.00, 64.00, 58.00
34.00, -1.00, 17.00, 48.00, 42.00, 36.00
28.00, -21.00, 29.00, 28.00, 23.00, 16.00
22.00, -14.00, 23.00, 17.00, 10.00, 7.00
30.00, -2.00, 19.00, 7.00, -0.00, -3.00
30.00, -4.00, 26.00, 4.00, -11.00, -15.00
27.00, -16.00, 34.00, 14.00, -20.00, -23.00
33.00, -16.00, 28.00, 17.00, -23.00, -25.00
24.00, -7.00, 23.00, 18.00, -23.00, -25.00
19.00, 1.00, 27.00, 21.00, -26.00, -27.00
27.00, 0.00, 27.00, 26.00, -33.00, -34.00
24.00, -6.00, 31.00, 35.00, -42.00, -42.00
25.00, -13.00, 29.00, 42.00, -49.00, -49.00
28.00, -2.00, 36.00, 44.00, -52.00, -51.00
26.00, 0.00, 39.00, 45.00, -52.00, -52.00
23.00, 2.00, 38.00, 46.00, -51.00, -52.00
22.00, 1.00, 36.00, 48.00, -54.00, -53.00
26.00, 1.00, 38.00, 53.00, -59.00, -57.00
27.00, -3.00, 36.00, 58.00, -64.00, -63.00
28.00, -3.00, 51.00, 63.00, -67.00, -66.00
2.00, 6.00, 11.00, 19.00, 18.00, 17.00
1.00, 4.00, 16.00, 16.00, 16.00, 14.00
3.00, -7.00, 21.00, 10.00, 10.00, 8.00
3.00, -15.00, 36.00, 10.00, 10.00, 9.00
-6.00, -16.00, 42.00, 17.00, 18.00, 16.00
-5.00, -13.00, 65.00, 27.00, 26.00, 26.00
-1.00, -9.00, 84.00, 35.00, 34.00, 34.00
-3.00, -18.00, 86.00, 41.00, 39.00, 39.00
-2.00, -23.00, 98.00, 51.00, 45.00, 45.00
3.00, -11.00, 96.00, 62.00, 53.00, 53.00
9.00, -11.00, 120.00, 68.00, 54.00, 55.00
20.00, -3.00, 119.00, 64.00, 46.00, 49.00
17.00, -8.00, 102.00, 54.00, 32.00, 36.00
18.00, -1.00, 88.00, 40.00, 14.00, 20.00
23.00, 6.00, 81.00, 24.00, -6.00, 1.00
29.00, 29.00, 66.00, 2.00, -31.00, -23.00
36.00, 29.00, 54.00, 30.00, -65.00, -58.00
24.00, 21.00, 48.00, 62.00, -102.00, -96.00
38.00, 21.00, 28.00, 95.00, -139.00, -131.00
47.00, 54.00, 21.00, 131.00, -175.00, -168.00
39.00, 33.00, 12.00, 171.00, -215.00, -211.00
27.00, 7.00, 4.00, 201.00, -246.00, -242.00
31.00, 32.00, 4.00, 223.00, -268.00, -262.00
42.00, 38.00, 5.00, 249.00, -293.00, -287.00
49.00, 20.00, 9.00, 275.00, -316.00, -313.00
45.00, -8.00, 1.00, 287.00, -324.00, -322.00
33.00, -0.00, 6.00, 278.00, -316.00, -309.00
38.00, 37.00, 10.00, 268.00, -308.00, -300.00
50.00, 34.00, 12.00, 278.00, -317.00, -312.00
41.00, -2.00, 1.00, 292.00, -328.00, -325.00
37.00, -10.00, 4.00, 287.00, -321.00, -319.00
40.00, 8.00, 23.00, 266.00, -301.00, -298.00
40.00, 16.00, 26.00, 250.00, -285.00, -279.00
51.00, 10.00, 36.00, 245.00, -282.00, -274.00
37.00, -5.00, 25.00, 245.00, -279.00, -270.00
24.00, -9.00, 32.00, 231.00, -265.00, -256.00
22.00, 18.00, 46.00, 219.00, -254.00, -241.00
42.00, 9.00, 29.00, 222.00, -259.00, -245.00
56.00, -0.00, 24.00, 231.00, -263.00, -251.00
25.00, -49.00, 27.00, 213.00, -239.00, -229.00
15.00, 3.00, 55.00, 161.00, -189.00, -177.00
17.00, 57.00, 76.00, 138.00, -172.00, -156.00
36.00, 33.00, 58.00, 164.00, -204.00, -189.00
39.00, 5.00, 39.00, 213.00, -252.00, -237.00
45.00, -13.00, 26.00, 244.00, -280.00, -266.00
36.00, 4.00, 35.00, 249.00, -280.00, -265.00
22.00, 15.00, 40.00, 240.00, -269.00, -254.00
26.00, 32.00, 42.00, 236.00, -266.00, -249.00
49.00, 24.00, 32.00, 245.00, -274.00, -260.00
37.00, -22.00, 33.00, 246.00, -269.00, -259.00
23.00, -12.00, 59.00, 212.00, -233.00, -222.00
19.00, 25.00, 77.00, 170.00, -194.00, -178.00
28.00, 38.00, 78.00, 145.00, -174.00, -158.00
46.00, 34.00, 73.00, 150.00, -181.00, -167.00
47.00, -10.00, 69.00, 162.00, -191.00, -181.00
39.00, -3.00, 98.00, 153.00, -181.00, -168.00
37.00, 22.00, 101.00, 134.00, -166.00, -150.00
46.00, 54.00, 94.00, 136.00, -173.00, -158.00
23.00, 3.00, 81.00, 160.00, -195.00, -188.00
17.00, 3.00, 80.00, 172.00, -208.00, -203.00
21.00, 28.00, 77.00, 189.00, -230.00, -222.00
42.00, 31.00, 54.00, 228.00, -271.00, -266.00
33.00, -10.00, 32.00, 283.00, -321.00, -319.00
33.00, -10.00, 32.00, 323.00, -358.00, -355.00
32.00, 6.00, 39.00, 351.00, -384.00, -377.00
32.00, 6.00, 39.00, 375.00, -407.00, -400.00
51.00, -0.00, 25.00, 391.00, -415.00, -412.00
32.00, -15.00, 25.00, 387.00, -409.00, -406.00
5.00, -31.00, 37.00, 376.00, -397.00, -389.00
-2.00, 1.00, 37.00, 374.00, -397.00, -386.00
22.00, 16.00, 9.00, 376.00, -390.00, -387.00
19.00, -14.00, 2.00, 361.00, -368.00, -368.00
-3.00, -24.00, 6.00, 336.00, -342.00, -338.00
-8.00, -4.00, 28.00, 319.00, -322.00, -314.00
-4.00, -0.00, 29.00, 309.00, -309.00, -298.00
-0.00, -9.00, 24.00, 298.00, -292.00, -280.00
-5.00, -13.00, 20.00, 276.00, -267.00, -254.00
-13.00, -17.00, 28.00, 247.00, -235.00, -218.00
-14.00, -4.00, 38.00, 215.00, -202.00, -183.00
-8.00, 4.00, 46.00, 182.00, -170.00, -152.00
4.00, 8.00, 46.00, 152.00, -140.00, -127.00
-1.00, 10.00, 55.00, 128.00, -119.00, -108.00
-3.00, 5.00, 60.00, 111.00, -102.00, -91.00
-0.00, 11.00, 61.00, 95.00, -87.00, -77.00
6.00, 8.00, 55.00, 76.00, -67.00, -60.00
-0.00, 8.00, 56.00, 54.00, -46.00, -41.00
-9.00, 5.00, 66.00, 33.00, -27.00, -22.00
-8.00, 19.00, 69.00, 21.00, -17.00, -13.00
-2.00, 11.00, 59.00, 14.00, -11.00, -8.00
-0.00, 10.00, 56.00, 9.00, -5.00, -5.00
-1.00, 1.00, 57.00, 2.00, -0.00, 0.00
-1.00, 7.00, 59.00, 1.00, 1.00, 2.00
-0.00, 8.00, 57.00, 1.00, -1.00, -1.00
1.00, 5.00, 52.00, 3.00, -3.00, -3.00
-1.00, -3.00, 49.00, 0.00, -0.00, 1.00
-3.00, 1.00, 52.00, 5.00, 6.00, 6.00
-2.00, 4.00, 53.00, 8.00, 9.00, 11.00
-2.00, 9.00, 52.00, 8.00, 9.00, 11.00
-1.00, 1.00, 54.00, 7.00, 9.00, 12.00
-0.00, 3.00, 52.00, 13.00, 15.00, 17.00
6.00, -11.00, 14.00, 4.00, -2.00, -2.00
5.00, -2.00, 14.00, 2.00, 7.00, 8.00
9.00, -0.00, 14.00, 14.00, 18.00, 18.00
8.00, 4.00, 16.00, 22.00, 26.00, 24.00
8.00, -6.00, 15.00, 22.00, 26.00, 23.00
14.00, -12.00, 29.00, 17.00, 23.00, 22.00
23.00, -17.00, 43.00, 19.00, 25.00, 26.00
32.00, -9.00, 60.00, 33.00, 42.00, 42.00
30.00, -3.00, 67.00, 54.00, 66.00, 62.00
21.00, 3.00, 66.00, 68.00, 82.00, 75.00
30.00, -7.00, 72.00, 62.00, 77.00, 72.00
39.00, -24.00, 88.00, 48.00, 67.00, 67.00
39.00, -24.00, 88.00, 53.00, 78.00, 77.00
40.00, 4.00, 65.00, 73.00, 105.00, 103.00
40.00, 4.00, 65.00, 93.00, 130.00, 130.00
37.00, 4.00, 43.00, 115.00, 155.00, 158.00
44.00, -1.00, 45.00, 150.00, 191.00, 190.00
45.00, 7.00, 29.00, 188.00, 229.00, 225.00
48.00, 20.00, 14.00, 219.00, 261.00, 254.00
47.00, 26.00, 3.00, 240.00, 282.00, 271.00
45.00, 18.00, 2.00, 256.00, 297.00, 283.00
44.00, 10.00, 8.00, 272.00, 311.00, 293.00
40.00, 1.00, 2.00, 281.00, 320.00, 302.00
44.00, 13.00, 3.00, 280.00, 321.00, 305.00
45.00, 1.00, 6.00, 283.00, 324.00, 307.00
45.00, -8.00, 9.00, 291.00, 333.00, 315.00
42.00, -12.00, 6.00, 304.00, 347.00, 330.00
41.00, 1.00, 22.00, 318.00, 362.00, 349.00
37.00, 3.00, 11.00, 334.00, 377.00, 362.00
37.00, 5.00, 14.00, 345.00, 388.00, 371.00
32.00, 5.00, 15.00, 353.00, 393.00, 375.00
29.00, -6.00, 19.00, 359.00, 397.00, 380.00
36.00, 5.00, 28.00, 364.00, 401.00, 385.00
37.00, 7.00, 23.00, 367.00, 404.00, 386.00
29.00, -5.00, 22.00, 370.00, 405.00, 386.00
26.00, -1.00, 24.00, 371.00, 405.00, 386.00
21.00, -6.00, 21.00, 371.00, 403.00, 385.00
24.00, 9.00, 26.00, 365.00, 395.00, 378.00
22.00, 6.00, 20.00, 354.00, 385.00, 368.00
20.00, -5.00, 9.00, 348.00, 378.00, 361.00
20.00, 6.00, 10.00, 343.00, 370.00, 353.00
17.00, 1.00, 13.00, 333.00, 359.00, 342.00
16.00, 12.00, 9.00, 316.00, 340.00, 326.00
14.00, 5.00, 7.00, 296.00, 320.00, 306.00
9.00, -0.00, 3.00, 280.00, 303.00, 291.00
13.00, 1.00, 5.00, 266.00, 288.00, 277.00
17.00, 3.00, 5.00, 250.00, 271.00, 261.00
17.00, 3.00, 8.00, 230.00, 252.00, 243.00
16.00, 1.00, 9.00, 212.00, 234.00, 228.00
13.00, -5.00, 19.00, 199.00, 220.00, 215.00
19.00, -11.00, 13.00, 192.00, 212.00, 210.00
24.00, -1.00, 12.00, 188.00, 208.00, 207.00
15.00, 5.00, 8.00, 179.00, 199.00, 198.00
14.00, 14.00, 17.00, 162.00, 182.00, 184.00
14.00, -3.00, 24.00, 147.00, 167.00, 171.00
19.00, -14.00, 16.00, 143.00, 165.00, 170.00
26.00, -1.00, 16.00, 151.00, 174.00, 179.00
27.00, 20.00, 26.00, 163.00, 184.00, 185.00
22.00, 13.00, 32.00, 169.00, 188.00, 185.00
20.00, 5.00, 29.00, 168.00, 185.00, 182.00
26.00, 9.00, 27.00, 162.00, 179.00, 175.00
27.00, 24.00, 39.00, 151.00, 170.00, 164.00
28.00, -2.00, 52.00, 142.00, 162.00, 155.00
25.00, -16.00, 62.00, 144.00, 165.00, 159.00
22.00, -8.00, 49.00, 154.00, 176.00, 171.00
22.00, 12.00, 37.00, 164.00, 186.00, 181.00
24.00, 12.00, 41.00, 165.00, 186.00, 180.00
23.00, -10.00, 53.00, 163.00, 183.00, 176.00
25.00, -21.00, 50.00, 170.00, 189.00, 182.00
28.00, -8.00, 47.00, 183.00, 202.00, 194.00
20.00, 5.00, 38.00, 191.00, 210.00, 200.00
22.00, 3.00, 45.00, 187.00, 204.00, 194.00
19.00, -15.00, 57.00, 176.00, 193.00, 185.00
12.00, -28.00, 46.00, 170.00, 185.00, 179.00
25.00, -6.00, 55.00, 170.00, 185.00, 180.00
23.00, -7.00, 56.00, 173.00, 189.00, 182.00
21.00, -4.00, 57.00, 177.00, 192.00, 184.00
9.00, -11.00, 35.00, 176.00, 191.00, 184.00
8.00, -9.00, 24.00, 171.00, 182.00, 178.00
19.00, 1.00, 29.00, 158.00, 168.00, 164.00
18.00, -6.00, 45.00, 142.00, 152.00, 147.00
10.00, -17.00, 46.00, 130.00, 141.00, 135.00
0.00, -14.00, 29.00, 124.00, 133.00, 130.00
13.00, 3.00, 29.00, 120.00, 127.00, 125.00
18.00, 2.00, 42.00, 114.00, 120.00, 115.00
3.00, -12.00, 50.00, 107.00, 113.00, 106.00
4.00, -13.00, 47.00, 104.00, 110.00, 104.00
2.00, -11.00, 39.00, 105.00, 111.00, 105.00
2.00, -10.00, 39.00, 105.00, 110.00, 105.00
1.00, -5.00, 43.00, 103.00, 106.00, 102.00
2.00, 2.00, 43.00, 97.00, 98.00, 94.00
2.00, -3.00, 38.00, 86.00, 86.00, 82.00
5.00, -8.00, 46.00, 73.00, 72.00, 68.00
2.00, -6.00, 52.00, 61.00, 60.00, 56.00
2.00, -12.00, 50.00, 56.00, 54.00, 50.00
2.00, -5.00, 48.00, 51.00, 50.00, 46.00
-2.00, -5.00, 44.00, 45.00, 43.00, 40.00
2.00, -3.00, 49.00, 38.00, 36.00, 33.00
2.00, -5.00, 52.00, 30.00, 27.00, 24.00
5.00, -7.00, 57.00, 20.00, 17.00, 15.00
-3.00, 1.00, 11.00, 10.00, 11.00, 11.00
-1.00, -10.00, 15.00, 7.00, 8.00, 9.00
-1.00, -11.00, 27.00, 10.00, 11.00, 13.00
-4.00, -3.00, 40.00, 18.00, 19.00, 20.00
-6.00, 7.00, 57.00, 26.00, 26.00, 26.00
-6.00, 7.00, 73.00, 25.00, 24.00, 25.00
-7.00, 3.00, 84.00, 18.00, 17.00, 18.00
-2.00, -2.00, 84.00, 15.00, 10.00, 10.00
-8.00, -8.00, 83.00, 17.00, 9.00, 8.00
-1.00, 10.00, 97.00, 18.00, 5.00, 4.00
5.00, 26.00, 85.00, 5.00, -12.00, -14.00
5.00, -5.00, 59.00, 15.00, -38.00, -41.00
2.00, -27.00, 58.00, 25.00, -53.00, -55.00
19.00, 10.00, 58.00, 25.00, -55.00, -54.00
17.00, 22.00, 61.00, 25.00, -57.00, -58.00
4.00, 24.00, 51.00, 36.00, -71.00, -72.00
3.00, 17.00, 38.00, 52.00, -92.00, -90.00
9.00, 21.00, 34.00, 72.00, -113.00, -109.00
21.00, 13.00, 36.00, 90.00, -130.00, -127.00
12.00, 25.00, 20.00, 103.00, -139.00, -137.00
5.00, 31.00, 24.00, 115.00, -152.00, -147.00
6.00, 27.00, 23.00, 133.00, -172.00, -165.00
24.00, 21.00, 22.00, 158.00, -195.00, -188.00
21.00, 14.00, 14.00, 179.00, -214.00, -207.00
11.00, 4.00, 14.00, 191.00, -223.00, -216.00
15.00, 18.00, 26.00, 198.00, -230.00, -219.00
21.00, 15.00, 37.00, 206.00, -237.00, -224.00
19.00, 14.00, 26.00, 213.00, -242.00, -230.00
24.00, 7.00, 31.00, 212.00, -240.00, -230.00
19.00, 12.00, 36.00, 206.00, -234.00, -224.00
22.00, 28.00, 46.00, 208.00, -238.00, -225.00
30.00, 15.00, 42.00, 222.00, -254.00, -242.00
29.00, 12.00, 33.00, 240.00, -269.00, -258.00
25.00, -0.00, 32.00, 247.00, -275.00, -265.00
21.00, 15.00, 40.00, 246.00, -273.00, -260.00
20.00, 20.00, 37.00, 247.00, -274.00, -261.00
32.00, 20.00, 37.00, 251.00, -279.00, -268.00
31.00, 11.00, 34.00, 259.00, -284.00, -275.00
23.00, -7.00, 39.00, 254.00, -279.00, -271.00
16.00, 18.00, 42.00, 244.00, -270.00, -260.00
24.00, 28.00, 53.00, 243.00, -272.00, -262.00
33.00, 21.00, 38.00, 257.00, -285.00, -276.00
33.00, -13.00, 36.00, 265.00, -291.00, -284.00
12.00, -9.00, 46.00, 250.00, -274.00, -266.00
8.00, 30.00, 58.00, 228.00, -256.00, -245.00
19.00, 61.00, 57.00, 235.00, -265.00, -255.00
33.00, 22.00, 43.00, 269.00, -300.00, -292.00
23.00, -32.00, 22.00, 294.00, -321.00, -317.00
25.00, -12.00, 39.00, 280.00, -304.00, -296.00
12.00, 22.00, 54.00, 253.00, -276.00, -266.00
13.00, 28.00, 57.00, 236.00, -262.00, -252.00
21.00, 26.00, 54.00, 244.00, -268.00, -257.00
21.00, 26.00, 54.00, 258.00, -280.00, -268.00
18.00, -16.00, 50.00, 246.00, -265.00, -251.00
17.00, -21.00, 45.00, 213.00, -233.00, -216.00
8.00, 12.00, 60.00, 188.00, -213.00, -197.00
22.00, 41.00, 66.00, 190.00, -216.00, -206.00
25.00, 23.00, 64.00, 197.00, -224.00, -215.00
22.00, -13.00, 50.00, 188.00, -216.00, -207.00
14.00, 8.00, 61.00, 181.00, -211.00, -202.00
17.00, 26.00, 63.00, 191.00, -224.00, -217.00
19.00, 19.00, 54.00, 215.00, -246.00, -241.00
21.00, 9.00, 45.00, 235.00, -266.00, -261.00
19.00, -9.00, 44.00, 248.00, -279.00, -272.00
15.00, 5.00, 62.00, 267.00, -300.00, -291.00
11.00, 14.00, 50.00, 298.00, -332.00, -322.00
24.00, 10.00, 33.00, 327.00, -356.00, -348.00
20.00, -19.00, 29.00, 341.00, -367.00, -360.00
16.00, -28.00, 33.00, 317.00, -340.00, -329.00
4.00, 5.00, 59.00, 290.00, -315.00, -303.00
2.00, 30.00, 58.00, 301.00, -326.00, -314.00
9.00, 30.00, 55.00, 331.00, -350.00, -338.00
5.00, -10.00, 40.00, 352.00, -367.00, -352.00
-10.00, -40.00, 31.00, 329.00, -342.00, -322.00
-11.00, 12.00, 31.00, 298.00, -311.00, -291.00
-1.00, 32.00, 30.00, 290.00, -300.00, -283.00
0.00, 2.00, 21.00, 282.00, -290.00, -273.00
-7.00, 3.00, 12.00, 263.00, -271.00, -257.00
-1.00, 19.00, 22.00, 242.00, -250.00, -238.00
-4.00, 32.00, 34.00, 238.00, -245.00, -233.00
4.00, 5.00, 19.00, 243.00, -249.00, -238.00
5.00, 2.00, 11.00, 238.00, -242.00, -233.00
-5.00, -0.00, 17.00, 223.00, -225.00, -218.00
-6.00, 8.00, 26.00, 211.00, -212.00, -205.00
-3.00, 9.00, 24.00, 204.00, -205.00, -199.00
-4.00, 5.00, 28.00, 201.00, -199.00, -192.00
-7.00, -1.00, 31.00, 196.00, -194.00, -186.00
-1.00, -9.00, 30.00, 186.00, -182.00, -173.00
-10.00, -8.00, 34.00, 169.00, -162.00, -152.00
-15.00, -6.00, 39.00, 144.00, -136.00, -123.00
-9.00, 12.00, 37.00, 112.00, -106.00, -96.00
-11.00, 22.00, 46.00, 92.00, -88.00, -82.00
-10.00, 9.00, 45.00, 91.00, -88.00, -82.00
-8.00, 2.00, 38.00, 93.00, -88.00, -81.00
-8.00, -3.00, 37.00, 82.00, -76.00, -68.00
-3.00, 5.00, 40.00, 60.00, -55.00, -48.00
-11.00, 17.00, 54.00, 43.00, -38.00, -32.00
-14.00, 15.00, 49.00, 38.00, -35.00, -28.00
-7.00, 9.00, 40.00, 36.00, -33.00, -28.00
-7.00, 6.00, 39.00, 32.00, -29.00, -25.00
11.00, -11.00, 24.00, 9.00, 10.00, 6.00
11.00, -11.00, 24.00, 17.00, 19.00, 15.00
12.00, -5.00, 26.00, 22.00, 24.00, 20.00
14.00, -2.00, 37.00, 20.00, 24.00, 21.00
20.00, -5.00, 56.00, 18.00, 26.00, 23.00
17.00, -23.00, 67.00, 27.00, 38.00, 34.00
19.00, -15.00, 72.00, 39.00, 53.00, 50.00
16.00, 1.00, 69.00, 41.00, 60.00, 60.00
26.00, -4.00, 74.00, 45.00, 70.00, 71.00
29.00, -9.00, 83.00, 65.00, 94.00, 94.00
30.00, -18.00, 76.00, 96.00, 130.00, 127.00
30.00, -4.00, 59.00, 126.00, 163.00, 160.00
35.00, -4.00, 34.00, 152.00, 192.00, 191.00
39.00, -8.00, 27.00, 185.00, 225.00, 223.00
42.00, -10.00, 22.00, 226.00, 264.00, 257.00
44.00, -5.00, 10.00, 261.00, 297.00, 287.00
46.00, 16.00, 14.00, 280.00, 317.00, 306.00
35.00, 3.00, 11.00, 295.00, 329.00, 317.00
28.00, -4.00, 17.00, 308.00, 340.00, 328.00
30.00, 1.00, 11.00, 320.00, 350.00, 336.00
34.00, -9.00, 11.00, 333.00, 363.00, 346.00
25.00, 8.00, 31.00, 337.00, 368.00, 354.00
20.00, -4.00, 26.00, 342.00, 373.00, 361.00
19.00, -7.00, 22.00, 354.00, 382.00, 371.00
25.00, -5.00, 22.00, 366.00, 394.00, 380.00
19.00, 18.00, 25.00, 364.00, 391.00, 377.00
20.00, 8.00, 41.00, 351.00, 379.00, 368.00
9.00, -6.00, 27.00, 348.00, 374.00, 366.00
3.00, -5.00, 11.00, 358.00, 380.00, 371.00
16.00, 16.00, 8.00, 361.00, 383.00, 369.00
19.00, 32.00, 15.00, 344.00, 368.00, 352.00
15.00, 7.00, 15.00, 323.00, 348.00, 336.00
15.00, 1.00, 6.00, 314.00, 339.00, 330.00
18.00, -5.00, 1.00, 320.00, 344.00, 334.00
20.00, 19.00, 0.00, 322.00, 344.00, 330.00
31.00, 25.00, 6.00, 306.00, 332.00, 316.00
15.00, -1.00, 0.00, 295.00, 324.00, 310.00
7.00, -21.00, 4.00, 306.00, 333.00, 322.00
14.00, 6.00, 2.00, 322.00, 346.00, 333.00
21.00, 19.00, 17.00, 315.00, 338.00, 323.00
21.00, 14.00, 19.00, 287.00, 311.00, 298.00
18.00, -15.00, 4.00, 267.00, 291.00, 282.00
21.00, -17.00, 3.00, 269.00, 292.00, 284.00
24.00, -1.00, 3.00, 275.00, 297.00, 286.00
23.00, 18.00, 11.00, 264.00, 285.00, 272.00
17.00, 3.00, 2.00, 242.00, 263.00, 252.00
19.00, -11.00, 5.00, 228.00, 249.00, 239.00
17.00, -4.00, 10.00, 222.00, 240.00, 229.00
22.00, -4.00, 9.00, 213.00, 233.00, 222.00
18.00, -7.00, 9.00, 200.00, 220.00, 211.00
20.00, -12.00, 17.00, 189.00, 210.00, 202.00
15.00, -11.00, 19.00, 181.00, 203.00, 199.00
15.00, -11.00, 21.00, 179.00, 200.00, 197.00
19.00, -2.00, 19.00, 178.00, 201.00, 198.00
15.00, -4.00, 19.00, 181.00, 205.00, 202.00
12.00, -2.00, 22.00, 189.00, 213.00, 210.00
6.00, 3.00, 15.00, 203.00, 228.00, 223.00
9.00, 13.00, 10.00, 215.00, 237.00, 231.00
13.00, 13.00, 7.00, 216.00, 234.00, 227.00
10.00, 2.00, 7.00, 206.00, 222.00, 214.00
11.00, 3.00, 7.00, 192.00, 206.00, 201.00
11.00, -3.00, 9.00, 182.00, 193.00, 189.00
-1.00, 5.00, 17.00, 173.00, 183.00, 178.00
1.00, 14.00, 13.00, 160.00, 165.00, 160.00
20.00, 16.00, 18.00, 133.00, 136.00, 132.00
15.00, 1.00, 32.00, 99.00, 104.00, 99.00
14.00, -13.00, 36.00, 72.00, 78.00, 74.00
10.00, -7.00, 45.00, 54.00, 63.00, 61.00
3.00, -5.00, 58.00, 46.00, 53.00, 52.00
5.00, -7.00, 49.00, 39.00, 45.00, 46.00
13.00, -14.00, 26.00, 30.00, 35.00, 39.00
28.00, 11.00, 34.00, 20.00, 26.00, 29.00
29.00, 12.00, 54.00, 7.00, 17.00, 19.00
18.00, -22.00, 68.00, 3.00, 13.00, 11.00
13.00, -25.00, 71.00, 7.00, 19.00, 18.00
5.00, -30.00, 19.00, 26.00, 36.00, 38.00
19.00, 29.00, 22.00, 36.00, 43.00, 47.00
21.00, 21.00, 48.00, 20.00, 27.00, 30.00
5.00, -39.00, 80.00, 8.00, -1.00, -2.00
12.00, -43.00, 86.00, 24.00, -17.00, -14.00
14.00, -28.00, 46.00, 16.00, -9.00, -3.00
22.00, 13.00, 48.00, 4.00, 2.00, 5.00
15.00, -5.00, 61.00, 10.00, -5.00, -3.00
5.00, -38.00, 87.00, 26.00, -20.00, -20.00
8.00, -47.00, 65.00, 32.00, -26.00, -23.00
16.00, -17.00, 54.00, 23.00, -18.00, -15.00
15.00, 2.00, 56.00, 16.00, -12.00, -9.00
9.00, -22.00, 80.00, 18.00, -14.00, -16.00
10.00, -34.00, 79.00, 22.00, -19.00, -22.00
9.00, -35.00, 61.00, 20.00, -16.00, -19.00
4.00, -20.00, 62.00, 11.00, -8.00, -11.00
12.00, -15.00, 65.00, 4.00, -3.00, -5.00
12.00, -21.00, 75.00, 3.00, -1.00, -5.00
12.00, -21.00, 75.00, 1.00, 3.00, -3.00
3.00, -27.00, 78.00, 7.00, 9.00, 4.00
0.00, -23.00, 76.00, 15.00, 17.00, 12.00
2.00, -23.00, 64.00, 19.00, 21.00, 16.00
1.00, -16.00, 60.00, 18.00, 19.00, 14.00
7.00, -22.00, 74.00, 17.00, 18.00, 14.00
-2.00, -27.00, 76.00, 19.00, 19.00, 15.00
-3.00, -6.00, 10.00, 18.00, -17.00, -15.00
-3.00, -4.00, 6.00, 16.00, -16.00, -14.00
1.00, -3.00, 2.00, 16.00, -16.00, -14.00
3.00, -4.00, 6.00, 17.00, -15.00, -14.00
-4.00, -4.00, 5.00, 15.00, -13.00, -11.00
-2.00, 0.00, 0.00, 13.00, -11.00, -9.00
2.00, -1.00, 2.00, 12.00, -10.00, -9.00
-4.00, -1.00, 3.00, 12.00, -11.00, -10.00
1.00, -3.00, 6.00, 12.00, -12.00, -10.00
-2.00, -1.00, 5.00, 12.00, -11.00, -9.00
-2.00, 0.00, 4.00, 12.00, -11.00, -9.00
1.00, 3.00, 4.00, 13.00, -12.00, -10.00
2.00, -4.00, 5.00, 14.00, -12.00, -11.00
-4.00, -6.00, 8.00, 11.00, -9.00, -7.00
-2.00, 2.00, 0.00, 7.00, -5.00, -3.00
-0.00, 6.00, 7.00, 7.00, -6.00, -5.00
-2.00, -3.00, 0.00, 11.00, -9.00, -8.00
7.00, -8.00, 6.00, 11.00, -9.00, -7.00
5.00, -7.00, 31.00, 5.00, -2.00, 0.00
-0.00, -8.00, 47.00, 7.00, 11.00, 12.00
-10.00, -1.00, 64.00, 26.00, 28.00, 27.00
-10.00, 8.00, 77.00, 40.00, 40.00, 36.00
-1.00, -1.00, 84.00, 49.00, 47.00, 42.00
-3.00, -12.00, 96.00, 59.00, 57.00, 51.00
-4.00, -6.00, 88.00, 76.00, 72.00, 67.00
-11.00, 15.00, 77.00, 92.00, 84.00, 79.00
7.00, 34.00, 82.00, 88.00, 79.00, 72.00
8.00, 14.00, 78.00, 74.00, 62.00, 53.00
-3.00, -3.00, 80.00, 66.00, 49.00, 44.00
1.00, 15.00, 60.00, 69.00, 47.00, 46.00
9.00, 32.00, 68.00, 64.00, 38.00, 37.00
14.00, 52.00, 80.00, 40.00, 11.00, 8.00
5.00, 30.00, 63.00, 2.00, -30.00, -31.00
2.00, 22.00, 43.00, 32.00, -70.00, -69.00
16.00, 37.00, 31.00, 65.00, -105.00, -104.00
24.00, 43.00, 28.00, 103.00, -140.00, -142.00
13.00, 15.00, 16.00, 137.00, -171.00, -174.00
2.00, 7.00, 12.00, 152.00, -186.00, -185.00
8.00, 41.00, 13.00, 161.00, -197.00, -192.00
29.00, 49.00, 14.00, 179.00, -213.00, -209.00
16.00, 31.00, 4.00, 203.00, -233.00, -232.00
16.00, 3.00, 13.00, 212.00, -241.00, -238.00
15.00, 27.00, 13.00, 209.00, -238.00, -232.00
21.00, 44.00, 19.00, 210.00, -241.00, -235.00
27.00, 49.00, 26.00, 229.00, -257.00, -252.00
26.00, 17.00, 29.00, 252.00, -278.00, -275.00
33.00, 6.00, 29.00, 267.00, -293.00, -287.00
28.00, 15.00, 24.00, 273.00, -298.00, -291.00
29.00, 25.00, 26.00, 262.00, -286.00, -281.00
23.00, 24.00, 38.00, 252.00, -274.00, -271.00
17.00, 22.00, 44.00, 244.00, -267.00, -266.00
21.00, 19.00, 43.00, 247.00, -271.00, -269.00
35.00, 16.00, 40.00, 255.00, -279.00, -276.00
29.00, -2.00, 35.00, 253.00, -274.00, -271.00
15.00, -3.00, 44.00, 238.00, -257.00, -254.00
9.00, 33.00, 70.00, 206.00, -225.00, -220.00
10.00, 44.00, 69.00, 184.00, -208.00, -202.00
25.00, 41.00, 61.00, 195.00, -223.00, -217.00
25.00, 41.00, 61.00, 225.00, -253.00, -247.00
26.00, 10.00, 49.00, 244.00, -269.00, -265.00
22.00, -3.00, 52.00, 238.00, -263.00, -257.00
23.00, 19.00, 65.00, 227.00, -253.00, -246.00
22.00, 34.00, 64.00, 226.00, -252.00, -246.00
30.00, 23.00, 61.00, 231.00, -257.00, -253.00
26.00, 6.00, 60.00, 228.00, -252.00, -248.00
16.00, 4.00, 67.00, 213.00, -238.00, -231.00
13.00, 27.00, 80.00, 205.00, -232.00, -223.00
20.00, 40.00, 71.00, 212.00, -241.00, -231.00
30.00, 21.00, 65.00, 218.00, -243.00, -235.00
25.00, 3.00, 66.00, 206.00, -230.00, -222.00
17.00, 24.00, 75.00, 187.00, -213.00, -203.00
19.00, 52.00, 80.00, 185.00, -215.00, -207.00
31.00, 37.00, 71.00, 204.00, -235.00, -229.00
35.00, 24.00, 57.00, 223.00, -252.00, -249.00
25.00, 6.00, 61.00, 231.00, -259.00, -255.00
23.00, 27.00, 71.00, 241.00, -271.00, -264.00
32.00, 36.00, 68.00, 268.00, -299.00, -292.00
38.00, 15.00, 52.00, 301.00, -329.00, -324.00
21.00, -7.00, 37.00, 314.00, -339.00, -335.00
20.00, 10.00, 43.00, 314.00, -337.00, -333.00
13.00, 31.00, 47.00, 322.00, -346.00, -341.00
25.00, 21.00, 37.00, 344.00, -363.00, -360.00
13.00, -9.00, 29.00, 356.00, -373.00, -369.00
9.00, -6.00, 37.00, 351.00, -364.00, -356.00
-6.00, 12.00, 50.00, 341.00, -354.00, -343.00
11.00, 30.00, 50.00, 339.00, -350.00, -337.00
8.00, 19.00, 41.00, 337.00, -345.00, -336.00
3.00, 14.00, 47.00, 322.00, -329.00, -321.00
-0.00, 29.00, 57.00, 307.00, -316.00, -309.00
4.00, 31.00, 53.00, 306.00, -316.00, -311.00
10.00, 23.00, 45.00, 315.00, -320.00, -317.00
-3.00, -13.00, 34.00, 307.00, -311.00, -309.00
-9.00, 12.00, 42.00, 289.00, -292.00, -289.00
-9.00, 15.00, 39.00, 281.00, -284.00, -282.00
1.00, -3.00, 33.00, 281.00, -283.00, -280.00
-9.00, -14.00, 27.00, 275.00, -271.00, -266.00
-17.00, -16.00, 32.00, 247.00, -241.00, -232.00
-17.00, 10.00, 46.00, 214.00, -207.00, -196.00
-15.00, 19.00, 53.00, 189.00, -182.00, -170.00
-11.00, 23.00, 58.00, 174.00, -169.00, -158.00
2.00, -9.00, 11.00, 30.00, 27.00, 26.00
4.00, 3.00, 10.00, 37.00, 36.00, 34.00
-1.00, 6.00, 3.00, 42.00, 40.00, 37.00
0.00, 3.00, 2.00, 39.00, 37.00, 34.00
-1.00, -5.00, 6.00, 35.00, 34.00, 33.00
5.00, 0.00, 8.00, 39.00, 37.00, 36.00
9.00, 3.00, 4.00, 46.00, 44.00, 41.00
7.00, 5.00, 6.00, 46.00, 45.00, 40.00
7.00, -12.00, 15.00, 40.00, 38.00, 34.00
14.00, -15.00, 26.00, 34.00, 34.00, 32.00
13.00, -26.00, 43.00, 36.00, 38.00, 39.00
10.00, -22.00, 52.00, 51.00, 58.00, 59.00
15.00, -10.00, 54.00, 77.00, 85.00, 85.00
18.00, -8.00, 66.00, 98.00, 107.00, 105.00
18.00, -8.00, 66.00, 107.00, 119.00, 116.00
37.00, -28.00, 82.00, 110.00, 126.00, 126.00
37.00, -28.00, 82.00, 130.00, 153.00, 154.00
39.00, -29.00, 89.00, 175.00, 201.00, 198.00
43.00, -21.00, 76.00, 219.00, 248.00, 243.00
35.00, 8.00, 50.00, 241.00, 271.00, 266.00
37.00, 1.00, 33.00, 249.00, 282.00, 281.00
46.00, -14.00, 41.00, 273.00, 308.00, 306.00
50.00, -13.00, 52.00, 311.00, 348.00, 339.00
52.00, -1.00, 25.00, 337.00, 378.00, 371.00
48.00, 11.00, 1.00, 357.00, 399.00, 395.00
53.00, -3.00, 8.00, 388.00, 430.00, 425.00
49.00, -3.00, 9.00, 429.00, 468.00, 457.00
40.00, 5.00, 15.00, 456.00, 491.00, 476.00
39.00, 33.00, 27.00, 454.00, 485.00, 470.00
46.00, 19.00, 29.00, 436.00, 468.00, 454.00
42.00, -9.00, 13.00, 433.00, 464.00, 450.00
42.00, -12.00, 10.00, 440.00, 471.00, 457.00
41.00, 4.00, 21.00, 443.00, 474.00, 461.00
34.00, 15.00, 26.00, 437.00, 466.00, 454.00
33.00, 16.00, 16.00, 423.00, 452.00, 440.00
33.00, 12.00, 12.00, 409.00, 438.00, 427.00
36.00, 1.00, 5.00, 406.00, 437.00, 427.00
44.00, -4.00, 5.00, 412.00, 444.00, 433.00
37.00, 12.00, 8.00, 425.00, 458.00, 445.00
39.00, 19.00, 29.00, 432.00, 465.00, 452.00
34.00, 14.00, 28.00, 425.00, 457.00, 445.00
37.00, 3.00, 18.00, 422.00, 451.00, 439.00
38.00, 14.00, 25.00, 419.00, 447.00, 434.00
33.00, 2.00, 27.00, 412.00, 440.00, 427.00
35.00, -3.00, 28.00, 410.00, 436.00, 425.00
29.00, 5.00, 21.00, 415.00, 439.00, 423.00
21.00, 9.00, 30.00, 414.00, 435.00, 418.00
31.00, 12.00, 33.00, 402.00, 420.00, 405.00
34.00, 4.00, 37.00, 381.00, 402.00, 389.00
21.00, -18.00, 27.00, 375.00, 396.00, 385.00
8.00, -2.00, 20.00, 385.00, 401.00, 389.00
8.00, 35.00, 37.00, 385.00, 393.00, 379.00
14.00, 47.00, 27.00, 349.00, 352.00, 337.00
19.00, 3.00, 4.00, 292.00, 294.00, 278.00
21.00, -18.00, 12.00, 242.00, 247.00, 235.00
18.00, -32.00, 15.00, 220.00, 226.00, 219.00
14.00, 7.00, 17.00, 212.00, 220.00, 215.00
17.00, 31.00, 6.00, 193.00, 199.00, 192.00
9.00, 8.00, 21.00, 152.00, 158.00, 151.00
12.00, -14.00, 34.00, 115.00, 123.00, 121.00
12.00, -10.00, 18.00, 104.00, 112.00, 115.00
14.00, 30.00, 32.00, 104.00, 114.00, 118.00
14.00, 36.00, 35.00, 98.00, 106.00, 105.00
15.00, 13.00, 53.00, 74.00, 83.00, 79.00
20.00, -3.00, 48.00, 56.00, 62.00, 61.00
23.00, -3.00, 29.00, 41.00, 48.00, 49.00
35.00, 35.00, 42.00, 25.00, 35.00, 37.00
34.00, -7.00, 58.00, 6.00, 18.00, 18.00
29.00, -37.00, 73.00, 3.00, 13.00, 14.00
20.00, -54.00, 67.00, 17.00, 36.00, 39.00
24.00, -22.00, 30.00, 54.00, 76.00, 84.00
36.00, 33.00, 39.00, 89.00, 115.00, 120.00
32.00, -9.00, 56.00, 113.00, 141.00, 139.00
20.00, -33.00, 73.00, 139.00, 169.00, 166.00
23.00, -36.00, 28.00, 179.00, 208.00, 208.00
21.00, -9.00, 22.00, 222.00, 250.00, 248.00
30.00, -1.00, 28.00, 256.00, 281.00, 276.00
21.00, -8.00, 33.00, 278.00, 301.00, 294.00
19.00, -14.00, 24.00, 292.00, 313.00, 306.00
18.00, -16.00, 15.00, 305.00, 323.00, 315.00
25.00, -8.00, 20.00, 316.00, 332.00, 323.00
20.00, -21.00, 18.00, 324.00, 339.00, 326.00
13.00, -21.00, 18.00, 330.00, 344.00, 329.00
-1.00, -19.00, 13.00, 334.00, 345.00, 331.00
8.00, -10.00, 6.00, 331.00, 339.00, 328.00
14.00, -7.00, 3.00, 322.00, 328.00, 316.00
14.00, -20.00, 18.00, 309.00, 313.00, 301.00
6.00, -28.00, 18.00, 301.00, 304.00, 292.00
8.00, -15.00, 13.00, 298.00, 298.00, 288.00
6.00, -7.00, 3.00, 291.00, 289.00, 279.00
9.00, -3.00, 5.00, 279.00, 275.00, 263.00
4.00, -13.00, 17.00, 262.00, 257.00, 245.00
3.00, -15.00, 17.00, 246.00, 239.00, 228.00
2.00, -10.00, 17.00, 233.00, 225.00, 215.00
7.00, 0.00, 19.00, 219.00, 212.00, 204.00
8.00, -5.00, 18.00, 207.00, 200.00, 191.00
3.00, -7.00, 25.00, 195.00, 189.00, 180.00
7.00, -5.00, 25.00, 186.00, 179.00, 172.00
6.00, 0.00, 23.00, 178.00, 172.00, 164.00
1.00, 2.00, 20.00, 171.00, 164.00, 156.00
11.00, -9.00, 24.00, 41.00, -38.00, -38.00
4.00, -26.00, 34.00, 37.00, -32.00, -33.00
-2.00, -31.00, 38.00, 24.00, -21.00, -20.00
-5.00, -11.00, 61.00, 12.00, -9.00, -8.00
2.00, 2.00, 62.00, 5.00, -2.00, -3.00
14.00, -25.00, 64.00, 4.00, 7.00, 6.00
10.00, -50.00, 88.00, 26.00, 27.00, 31.00
7.00, -28.00, 104.00, 57.00, 53.00, 61.00
8.00, 15.00, 123.00, 72.00, 60.00, 66.00
8.00, 38.00, 133.00, 47.00, 29.00, 33.00
21.00, -5.00, 121.00, 12.00, -16.00, -15.00
23.00, -38.00, 97.00, 7.00, -41.00, -37.00
25.00, 5.00, 92.00, 10.00, -49.00, -45.00
27.00, 59.00, 105.00, 31.00, -78.00, -76.00
28.00, 56.00, 97.00, 88.00, -140.00, -141.00
32.00, 18.00, 61.00, 156.00, -211.00, -213.00
39.00, 2.00, 36.00, 205.00, -260.00, -260.00
36.00, 23.00, 18.00, 237.00, -289.00, -287.00
41.00, 42.00, 18.00, 264.00, -313.00, -309.00
30.00, 37.00, 5.00, 298.00, -341.00, -335.00
30.00, 4.00, 6.00, 323.00, -364.00, -357.00
27.00, 21.00, 12.00, 333.00, -371.00, -361.00
30.00, 27.00, 3.00, 337.00, -373.00, -363.00
33.00, 40.00, 2.00, 343.00, -378.00, -366.00
39.00, 30.00, 5.00, 357.00, -390.00, -378.00
39.00, 11.00, 9.00, 368.00, -396.00, -387.00
38.00, 2.00, 7.00, 360.00, -387.00, -379.00
23.00, 15.00, 12.00, 339.00, -366.00, -356.00
40.00, 40.00, 15.00, 323.00, -353.00, -344.00
52.00, 35.00, 15.00, 330.00, -359.00, -352.00
29.00, -19.00, 12.00, 343.00, -367.00, -364.00
8.00, -9.00, 18.00, 334.00, -359.00, -352.00
23.00, 39.00, 26.00, 319.00, -347.00, -335.00
48.00, 38.00, 12.00, 325.00, -353.00, -343.00
46.00, -0.00, 11.00, 345.00, -368.00, -362.00
27.00, -35.00, 22.00, 345.00, -364.00, -360.00
10.00, 15.00, 35.00, 316.00, -335.00, -327.00
24.00, 48.00, 45.00, 295.00, -317.00, -306.00
35.00, 27.00, 47.00, 306.00, -328.00, -318.00
30.00, -28.00, 39.00, 324.00, -344.00, -335.00
14.00, -14.00, 42.00, 313.00, -331.00, -322.00
16.00, 25.00, 61.00, 284.00, -304.00, -294.00
27.00, 30.00, 51.00, 271.00, -293.00, -282.00
31.00, 11.00, 51.00, 277.00, -299.00, -292.00
25.00, -11.00, 48.00, 283.00, -304.00, -299.00
20.00, 2.00, 57.00, 276.00, -298.00, -292.00
25.00, 20.00, 53.00, 270.00, -294.00, -286.00
33.00, 9.00, 41.00, 281.00, -305.00, -297.00
22.00, -22.00, 31.00, 293.00, -314.00, -308.00
17.00, -10.00, 42.00, 283.00, -304.00, -298.00
14.00, 24.00, 62.00, 256.00, -278.00, -272.00
23.00, 56.00, 63.00, 244.00, -269.00, -263.00
18.00, 22.00, 51.00, 263.00, -290.00, -288.00
9.00, -1.00, 46.00, 289.00, -316.00, -317.00
9.00, -1.00, 46.00, 308.00, -336.00, -337.00
7.00, 10.00, 33.00, 331.00, -360.00, -358.00
7.00, 10.00, 33.00, 358.00, -384.00, -381.00
9.00, -1.00, 15.00, 374.00, -394.00, -391.00
2.00, -14.00, 18.00, 369.00, -388.00, -383.00
1.00, 2.00, 33.00, 362.00, -380.00, -373.00
3.00, 14.00, 40.00, 364.00, -381.00, -373.00
1.00, -8.00, 37.00, 358.00, -373.00, -364.00
-9.00, -6.00, 43.00, 339.00, -353.00, -343.00
-23.00, 3.00, 51.00, 320.00, -338.00, -326.00
-13.00, 35.00, 51.00, 328.00, -347.00, -336.00
2.00, 18.00, 32.00, 349.00, -363.00, -355.00
-8.00, -24.00, 32.00, 347.00, -360.00, -351.00
-11.00, -6.00, 58.00, 335.00, -351.00, -339.00
2.00, 8.00, 55.00, 338.00, -356.00, -341.00
3.00, 21.00, 49.00, 361.00, -375.00, -362.00
-12.00, -30.00, 39.00, 367.00, -380.00, -365.00
-13.00, -13.00, 47.00, 359.00, -376.00, -359.00
8.00, 10.00, 11.00, 353.00, -369.00, -358.00
3.00, 10.00, 10.00, 353.00, -361.00, -357.00
-12.00, -21.00, 8.00, 345.00, -352.00, -348.00
-13.00, -17.00, 14.00, 339.00, -346.00, -337.00
2.00, -10.00, 2.00, 334.00, -339.00, -329.00
-1.00, -16.00, 2.00, 326.00, -328.00, -318.00
-10.00, -27.00, 6.00, 309.00, -308.00, -296.00
-18.00, -21.00, 7.00, 286.00, -284.00, -270.00
-14.00, -10.00, 11.00, 265.00, -261.00, -244.00
-8.00, 4.00, 11.00, 247.00, -241.00, -224.00
-11.00, -11.00, 7.00, 218.00, -210.00, -195.00
-12.00, 6.00, 13.00, 186.00, -178.00, -167.00
-19.00, 9.00, 23.00, 162.00, -155.00, -145.00
-15.00, 14.00, 26.00, 149.00, -141.00, -129.00
-16.00, 5.00, 19.00, 132.00, -123.00, -113.00
-11.00, 10.00, 20.00, 109.00, -101.00, -92.00
-10.00, 15.00, 24.00, 89.00, -80.00, -74.00
-19.00, 19.00, 36.00, 76.00, -67.00, -62.00
-21.00, 12.00, 38.00, 68.00, -61.00, -55.00
-10.00, 15.00, 33.00, 64.00, -57.00, -53.00
-6.00, 9.00, 25.00, 60.00, -54.00, -53.00
-12.00, 1.00, 28.00, 58.00, -50.00, -49.00
-18.00, -0.00, 34.00, 52.00, -45.00, -43.00
-17.00, 1.00, 36.00, 45.00, -38.00, -35.00
-12.00, 8.00, 34.00, 40.00, -34.00, -31.00
-11.00, 4.00, 34.00, 35.00, -30.00, -29.00
-16.00, 4.00, 37.00, 34.00, -29.00, -29.00
-21.00, -1.00, 38.00, 37.00, -33.00, -31.00
