-17.00, 22.00, 12.00, 13.00, 7.00, 14.00
-20.00, 33.00, 5.00, 10.00, 5.00, 11.00
-24.00, 38.00, 6.00, 5.00, -3.00, 3.00
-30.00, 39.00, 1.00, 1.00, -11.00, -6.00
-29.00, 38.00, 6.00, 2.00, -10.00, -7.00
-35.00, 93.00, 19.00, 7.00, -5.00, -5.00
-36.00, 140.00, 23.00, 4.00, -20.00, -22.00
-34.00, 137.00, 7.00, 37.00, -58.00, -65.00
-37.00, 117.00, 28.00, 81.00, -101.00, -115.00
-36.00, 129.00, 34.00, 112.00, -129.00, -149.00
-36.00, 168.00, 8.00, 135.00, -149.00, -173.00
-15.00, 201.00, 29.00, 166.00, -176.00, -209.00
-22.00, 198.00, 38.00, 204.00, -207.00, -252.00
-26.00, 184.00, 54.00, 244.00, -244.00, -291.00
-30.00, 162.00, 21.00, 265.00, -263.00, -314.00
-18.00, 144.00, 9.00, 281.00, -279.00, -331.00
14.00, 196.00, 13.00, 307.00, -304.00, -361.00
14.00, 196.00, 13.00, 351.00, -346.00, -405.00
27.00, 175.00, 14.00, 422.00, -413.00, -481.00
5.00, 95.00, 6.00, 499.00, -485.00, -548.00
9.00, 8.00, 1.00, 548.00, -532.00, -588.00
11.00, -16.00, 21.00, 572.00, -556.00, -606.00
7.00, 27.00, 58.00, 606.00, -591.00, -636.00
16.00, 31.00, 39.00, 662.00, -644.00, -690.00
6.00, -35.00, 3.00, 719.00, -695.00, -739.00
-20.00, -93.00, 19.00, 749.00, -722.00, -760.00
-50.00, -98.00, 2.00, 762.00, -736.00, -766.00
-36.00, -64.00, 7.00, 777.00, -749.00, -778.00
-41.00, -83.00, 10.00, 798.00, -765.00, -794.00
-53.00, -133.00, 34.00, 805.00, -767.00, -795.00
-84.00, -153.00, 38.00, 795.00, -757.00, -780.00
-102.00, -136.00, 43.00, 775.00, -738.00, -753.00
-92.00, -139.00, 53.00, 748.00, -712.00, -724.00
-93.00, -158.00, 59.00, 713.00, -675.00, -695.00
-118.00, -153.00, 55.00, 678.00, -639.00, -658.00
-130.00, -136.00, 55.00, 646.00, -607.00, -622.00
-139.00, -142.00, 61.00, 619.00, -582.00, -596.00
-137.00, -169.00, 77.00, 593.00, -555.00, -569.00
-149.00, -184.00, 78.00, 558.00, -519.00, -532.00
-163.00, -181.00, 62.00, 515.00, -479.00, -489.00
-174.00, -171.00, 51.00, 478.00, -445.00, -453.00
-171.00, -170.00, 60.00, 450.00, -418.00, -424.00
-177.00, -185.00, 68.00, 419.00, -389.00, -392.00
-181.00, -192.00, 77.00, 378.00, -350.00, -350.00
-187.00, -171.00, 65.00, 330.00, -305.00, -304.00
-187.00, -162.00, 63.00, 288.00, -265.00, -264.00
-195.00, -160.00, 49.00, 255.00, -236.00, -235.00
-197.00, -148.00, 62.00, 233.00, -216.00, -216.00
-198.00, -168.00, 75.00, 214.00, -198.00, -198.00
-204.00, -171.00, 72.00, 186.00, -172.00, -173.00
-206.00, -151.00, 61.00, 159.00, -148.00, -145.00
-204.00, -147.00, 63.00, 136.00, -127.00, -125.00
-209.00, -143.00, 58.00, 118.00, -111.00, -110.00
-210.00, -143.00, 55.00, 107.00, -101.00, -101.00
-207.00, -138.00, 63.00, 101.00, -97.00, -97.00
-209.00, -137.00, 62.00, 99.00, -96.00, -93.00
-211.00, -146.00, 72.00, 93.00, -91.00, -88.00
-211.00, -138.00, 69.00, 83.00, -82.00, -77.00
-209.00, -129.00, 67.00, 72.00, -71.00, -67.00
-213.00, -124.00, 66.00, 65.00, -64.00, -61.00
-211.00, -123.00, 68.00, 65.00, -64.00, -62.00
-213.00, -141.00, 73.00, 65.00, -65.00, -61.00
-212.00, -142.00, 77.00, 58.00, -58.00, -53.00
-213.00, -128.00, 70.00, 47.00, -47.00, -42.00
-212.00, -123.00, 66.00, 40.00, -40.00, -35.00
-213.00, -118.00, 68.00, 39.00, -39.00, -35.00
-214.00, -124.00, 74.00, 44.00, -44.00, -40.00
-214.00, -125.00, 78.00, 48.00, -48.00, -44.00
-211.00, -133.00, 86.00, 48.00, -48.00, -43.00
-213.00, -126.00, 83.00, 41.00, -41.00, -37.00
-213.00, -119.00, 78.00, 34.00, -34.00, -29.00
-209.00, -117.00, 81.00, 28.00, -28.00, -25.00
-212.00, -120.00, 80.00, 26.00, -25.00, -22.00
-210.00, -123.00, 83.00, 24.00, -23.00, -20.00
-212.00, -119.00, 85.00, 23.00, -21.00, -19.00
-209.00, -125.00, 84.00, 20.00, -19.00, -16.00
-211.00, -128.00, 81.00, 15.00, -13.00, -11.00
-212.00, -118.00, 80.00, 8.00, -7.00, -5.00
-208.00, -121.00, 82.00, 4.00, -3.00, -2.00
-209.00, -124.00, 79.00, 1.00, 0.00, 0.00
-209.00, -124.00, 79.00, 2.00, 3.00, 4.00
-209.00, -123.00, 78.00, 5.00, 6.00, 6.00
-213.00, -120.00, 77.00, 7.00, 8.00, 8.00
-209.00, -117.00, 78.00, 8.00, 8.00, 9.00
-212.00, -120.00, 77.00, 7.00, 8.00, 9.00
-212.00, -122.00, 81.00, 6.00, 7.00, 8.00
-208.00, -123.00, 80.00, 7.00, 7.00, 8.00
-211.00, -125.00, 80.00, 9.00, 10.00, 10.00
-212.00, -118.00, 77.00, 12.00, 13.00, 13.00
-211.00, -117.00, 75.00, 11.00, 12.00, 14.00
-210.00, -123.00, 76.00, 9.00, 11.00, 11.00
-209.00, -131.00, 77.00, 9.00, 10.00, 9.00
-210.00, -116.00, 75.00, 11.00, 11.00, 11.00
-210.00, -115.00, 72.00, 10.00, 10.00, 11.00
-209.00, -119.00, 75.00, 8.00, 8.00, 7.00
-208.00, -123.00, 81.00, 5.00, 5.00, 4.00
-209.00, -127.00, 81.00, 5.00, 6.00, 4.00
-210.00, -122.00, 77.00, 7.00, 7.00, 7.00
-213.00, -120.00, 73.00, 8.00, 9.00, 9.00
-213.00, -122.00, 74.00, 7.00, 7.00, 7.00
4.00, -14.00, 6.00, 5.00, -5.00, -5.00
9.00, -12.00, 3.00, 1.00, -1.00, -0.00
12.00, -21.00, 14.00, 2.00, 2.00, 3.00
26.00, -47.00, 22.00, 3.00, 2.00, 3.00
38.00, -74.00, 35.00, 1.00, -1.00, 1.00
54.00, -99.00, 41.00, 0.00, -6.00, -0.00
55.00, -115.00, 47.00, 2.00, -10.00, 1.00
60.00, -122.00, 56.00, 1.00, -11.00, 6.00
49.00, -118.00, 52.00, 6.00, -10.00, 15.00
75.00, -90.00, 49.00, 11.00, -11.00, 24.00
78.00, -99.00, 32.00, 10.00, -15.00, 23.00
77.00, -131.00, 20.00, 13.00, -15.00, 24.00
64.00, -121.00, 20.00, 33.00, 3.00, 48.00
91.00, -50.00, 20.00, 69.00, 32.00, 92.00
138.00, -25.00, 8.00, 104.00, 65.00, 131.00
149.00, -76.00, 7.00, 143.00, 106.00, 162.00
134.00, -48.00, 10.00, 198.00, 162.00, 215.00
133.00, 12.00, 24.00, 264.00, 226.00, 291.00
171.00, 45.00, 28.00, 323.00, 282.00, 357.00
186.00, 16.00, 26.00, 366.00, 325.00, 395.00
166.00, 5.00, 20.00, 411.00, 368.00, 437.00
183.00, 122.00, 5.00, 463.00, 412.00, 488.00
237.00, 150.00, 4.00, 497.00, 445.00, 524.00
236.00, 124.00, 13.00, 511.00, 464.00, 535.00
215.00, 98.00, 20.00, 529.00, 486.00, 552.00
221.00, 166.00, 28.00, 572.00, 527.00, 600.00
221.00, 166.00, 28.00, 627.00, 580.00, 652.00
275.00, 226.00, 16.00, 647.00, 602.00, 661.00
275.00, 226.00, 16.00, 638.00, 596.00, 641.00
250.00, 150.00, 8.00, 643.00, 602.00, 645.00
255.00, 157.00, 5.00, 663.00, 623.00, 668.00
271.00, 194.00, 10.00, 684.00, 643.00, 683.00
288.00, 205.00, 26.00, 674.00, 633.00, 667.00
296.00, 201.00, 51.00, 635.00, 596.00, 627.00
298.00, 210.00, 34.00, 585.00, 548.00, 583.00
313.00, 185.00, 18.00, 558.00, 523.00, 555.00
307.00, 130.00, 1.00, 556.00, 520.00, 545.00
320.00, 147.00, 17.00, 549.00, 511.00, 533.00
321.00, 197.00, 53.00, 508.00, 469.00, 489.00
314.00, 174.00, 61.00, 437.00, 399.00, 421.00
323.00, 121.00, 22.00, 385.00, 351.00, 372.00
320.00, 77.00, 0.00, 363.00, 332.00, 352.00
323.00, 90.00, 4.00, 354.00, 326.00, 349.00
340.00, 127.00, 23.00, 344.00, 320.00, 345.00
350.00, 107.00, 31.00, 344.00, 322.00, 349.00
343.00, 88.00, 20.00, 360.00, 339.00, 366.00
342.00, 117.00, 33.00, 373.00, 351.00, 377.00
358.00, 120.00, 35.00, 375.00, 354.00, 380.00
355.00, 81.00, 24.00, 387.00, 370.00, 399.00
342.00, 106.00, 26.00, 409.00, 392.00, 422.00
355.00, 139.00, 41.00, 420.00, 403.00, 428.00
361.00, 123.00, 45.00, 421.00, 404.00, 424.00
355.00, 102.00, 32.00, 416.00, 396.00, 416.00
362.00, 115.00, 58.00, 396.00, 373.00, 392.00
366.00, 101.00, 51.00, 360.00, 337.00, 356.00
370.00, 77.00, 39.00, 325.00, 307.00, 325.00
376.00, 55.00, 33.00, 310.00, 296.00, 313.00
372.00, 42.00, 44.00, 314.00, 302.00, 320.00
374.00, 52.00, 56.00, 322.00, 312.00, 331.00
376.00, 67.00, 66.00, 320.00, 308.00, 326.00
388.00, 67.00, 50.00, 308.00, 298.00, 313.00
386.00, 31.00, 34.00, 314.00, 306.00, 319.00
383.00, 27.00, 40.00, 340.00, 332.00, 344.00
388.00, 66.00, 73.00, 359.00, 352.00, 362.00
383.00, 97.00, 70.00, 355.00, 345.00, 353.00
383.00, 76.00, 59.00, 336.00, 323.00, 328.00
390.00, 52.00, 44.00, 321.00, 308.00, 310.00
394.00, 61.00, 52.00, 309.00, 297.00, 296.00
389.00, 61.00, 62.00, 294.00, 283.00, 279.00
389.00, 77.00, 64.00, 270.00, 258.00, 253.00
380.00, 56.00, 59.00, 241.00, 228.00, 222.00
380.00, 48.00, 52.00, 215.00, 202.00, 195.00
382.00, 53.00, 64.00, 186.00, 172.00, 163.00
393.00, 50.00, 58.00, 153.00, 144.00, 132.00
384.00, 21.00, 48.00, 130.00, 124.00, 113.00
373.00, 13.00, 55.00, 118.00, 115.00, 106.00
380.00, 33.00, 59.00, 110.00, 108.00, 102.00
385.00, 42.00, 76.00, 96.00, 94.00, 89.00
386.00, 43.00, 64.00, 81.00, 79.00, 72.00
381.00, 28.00, 60.00, 71.00, 68.00, 61.00
385.00, 28.00, 59.00, 64.00, 63.00, 54.00
386.00, 25.00, 64.00, 60.00, 60.00, 52.00
388.00, 29.00, 62.00, 60.00, 61.00, 52.00
382.00, 27.00, 66.00, 62.00, 63.00, 54.00
380.00, 32.00, 67.00, 62.00, 61.00, 52.00
380.00, 31.00, 67.00, 56.00, 54.00, 44.00
384.00, 25.00, 73.00, 45.00, 42.00, 33.00
386.00, 26.00, 67.00, 32.00, 30.00, 21.00
385.00, 19.00, 59.00, 23.00, 21.00, 13.00
385.00, 18.00, 59.00, 17.00, 16.00, 9.00
390.00, 23.00, 66.00, 13.00, 12.00, 6.00
386.00, 22.00, 64.00, 8.00, 8.00, 3.00
383.00, 23.00, 59.00, 4.00, 5.00, 1.00
382.00, 25.00, 61.00, 2.00, 2.00, -3.00
384.00, 16.00, 65.00, 1.00, -1.00, -6.00
382.00, 27.00, 65.00, 5.00, -5.00, -9.00
383.00, 18.00, 62.00, 8.00, -8.00, -12.00
385.00, 24.00, 59.00, 9.00, -8.00, -11.00
383.00, 25.00, 66.00, 7.00, -6.00, -9.00
383.00, 28.00, 65.00, 6.00, -5.00, -7.00
-4.00, 20.00, 1.00, 9.00, 8.00, 7.00
-7.00, 23.00, 1.00, 5.00, 5.00, 4.00
-7.00, 24.00, 3.00, 1.00, -3.00, -4.00
-4.00, 31.00, 0.00, 9.00, -11.00, -12.00
-6.00, 36.00, 4.00, 15.00, -16.00, -19.00
-7.00, 52.00, 5.00, 21.00, -21.00, -26.00
-10.00, 70.00, 0.00, 28.00, -29.00, -35.00
-9.00, 80.00, 0.00, 37.00, -37.00, -47.00
-14.00, 92.00, 1.00, 49.00, -49.00, -65.00
-12.00, 97.00, 5.00, 67.00, -65.00, -85.00
-19.00, 106.00, 14.00, 83.00, -80.00, -102.00
-22.00, 113.00, 16.00, 96.00, -91.00, -119.00
-22.00, 119.00, 12.00, 109.00, -102.00, -137.00
-20.00, 115.00, 12.00, 127.00, -116.00, -157.00
-23.00, 110.00, 10.00, 146.00, -134.00, -176.00
-17.00, 111.00, 7.00, 167.00, -155.00, -198.00
-18.00, 107.00, 10.00, 194.00, -180.00, -226.00
-18.00, 100.00, 10.00, 225.00, -210.00, -256.00
-23.00, 103.00, 7.00, 255.00, -239.00, -285.00
-23.00, 92.00, 0.00, 284.00, -266.00, -310.00
-25.00, 67.00, 7.00, 307.00, -288.00, -331.00
-28.00, 74.00, 9.00, 319.00, -299.00, -343.00
-36.00, 90.00, 10.00, 331.00, -309.00, -355.00
-49.00, 96.00, 1.00, 347.00, -325.00, -369.00
-56.00, 93.00, 13.00, 364.00, -342.00, -384.00
-58.00, 100.00, 9.00, 380.00, -358.00, -399.00
-55.00, 99.00, 11.00, 396.00, -373.00, -415.00
-70.00, 103.00, 6.00, 412.00, -388.00, -431.00
-83.00, 105.00, 10.00, 428.00, -403.00, -446.00
-93.00, 100.00, 18.00, 441.00, -418.00, -460.00
-106.00, 98.00, 21.00, 456.00, -434.00, -475.00
-110.00, 97.00, 17.00, 474.00, -451.00, -492.00
-116.00, 112.00, 23.00, 496.00, -470.00, -510.00
-128.00, 102.00, 32.00, 513.00, -484.00, -524.00
-138.00, 85.00, 45.00, 516.00, -485.00, -525.00
-151.00, 102.00, 38.00, 509.00, -480.00, -518.00
-154.00, 116.00, 10.00, 512.00, -483.00, -519.00
-152.00, 106.00, 19.00, 528.00, -498.00, -535.00
-160.00, 89.00, 32.00, 545.00, -513.00, -552.00
-180.00, 74.00, 39.00, 556.00, -522.00, -560.00
-182.00, 72.00, 31.00, 559.00, -525.00, -561.00
-195.00, 62.00, 20.00, 560.00, -527.00, -560.00
-200.00, 58.00, 28.00, 563.00, -532.00, -564.00
-205.00, 62.00, 38.00, 569.00, -537.00, -571.00
-218.00, 39.00, 48.00, 573.00, -540.00, -574.00
-229.00, 34.00, 54.00, 567.00, -535.00, -567.00
-231.00, 39.00, 42.00, 555.00, -525.00, -555.00
-243.00, 21.00, 39.00, 546.00, -517.00, -547.00
-249.00, 35.00, 48.00, 540.00, -511.00, -541.00
-260.00, 32.00, 54.00, 543.00, -514.00, -541.00
-263.00, 17.00, 68.00, 547.00, -518.00, -542.00
-270.00, 8.00, 68.00, 540.00, -509.00, -532.00
-283.00, 1.00, 63.00, 522.00, -491.00, -514.00
-283.00, 26.00, 60.00, 502.00, -472.00, -493.00
-289.00, 20.00, 60.00, 490.00, -460.00, -482.00
-297.00, 12.00, 68.00, 484.00, -455.00, -476.00
-299.00, 2.00, 67.00, 479.00, -450.00, -470.00
-306.00, -5.00, 73.00, 470.00, -441.00, -461.00
-314.00, -3.00, 72.00, 456.00, -427.00, -447.00
-318.00, -3.00, 73.00, 442.00, -413.00, -433.00
-318.00, -3.00, 73.00, 431.00, -402.00, -421.00
-325.00, -18.00, 73.00, 422.00, -393.00, -411.00
-325.00, -18.00, 73.00, 414.00, -385.00, -403.00
-323.00, -24.00, 74.00, 403.00, -374.00, -392.00
-327.00, -26.00, 78.00, 390.00, -361.00, -378.00
-331.00, -32.00, 72.00, 376.00, -348.00, -365.00
-335.00, -39.00, 73.00, 362.00, -334.00, -352.00
-342.00, -59.00, 73.00, 342.00, -316.00, -332.00
-347.00, -64.00, 68.00, 322.00, -298.00, -314.00
-346.00, -56.00, 66.00, 303.00, -280.00, -296.00
-353.00, -60.00, 67.00, 288.00, -265.00, -280.00
-356.00, -70.00, 68.00, 273.00, -252.00, -264.00
-364.00, -79.00, 65.00, 256.00, -236.00, -247.00
-368.00, -88.00, 61.00, 237.00, -219.00, -227.00
-364.00, -82.00, 63.00, 218.00, -202.00, -210.00
-370.00, -74.00, 60.00, 205.00, -190.00, -197.00
-370.00, -85.00, 63.00, 196.00, -182.00, -187.00
-372.00, -86.00, 64.00, 185.00, -173.00, -175.00
-379.00, -86.00, 66.00, 173.00, -163.00, -163.00
-376.00, -89.00, 74.00, 160.00, -151.00, -152.00
-377.00, -80.00, 73.00, 146.00, -138.00, -138.00
-381.00, -79.00, 71.00, 134.00, -125.00, -124.00
-384.00, -79.00, 72.00, 121.00, -113.00, -110.00
-384.00, -82.00, 70.00, 108.00, -100.00, -96.00
-382.00, -80.00, 71.00, 94.00, -87.00, -83.00
-382.00, -77.00, 69.00, 81.00, -75.00, -70.00
-383.00, -67.00, 69.00, 69.00, -64.00, -58.00
-385.00, -59.00, 68.00, 59.00, -55.00, -48.00
-383.00, -70.00, 73.00, 49.00, -46.00, -41.00
-386.00, -74.00, 73.00, 38.00, -35.00, -29.00
-385.00, -62.00, 72.00, 27.00, -24.00, -18.00
-385.00, -63.00, 72.00, 15.00, -13.00, -7.00
-387.00, -59.00, 69.00, 4.00, -2.00, 3.00
-390.00, -57.00, 68.00, 3.00, 4.00, 9.00
-387.00, -46.00, 66.00, 6.00, 6.00, 11.00
-387.00, -60.00, 78.00, 8.00, 8.00, 11.00
-386.00, -62.00, 77.00, 13.00, 14.00, 17.00
-389.00, -46.00, 69.00, 20.00, 20.00, 24.00
-388.00, -42.00, 66.00, 21.00, 21.00, 26.00
-387.00, -53.00, 67.00, 20.00, 19.00, 23.00
10.00, -15.00, 4.00, 11.00, -11.00, -10.00
11.00, -20.00, 4.00, 11.00, -11.00, -10.00
7.00, -21.00, 5.00, 11.00, -11.00, -9.00
16.00, -24.00, 8.00, 10.00, -11.00, -8.00
20.00, -36.00, 7.00, 9.00, -11.00, -8.00
20.00, -36.00, 7.00, 6.00, -8.00, -4.00
28.00, -47.00, 11.00, 1.00, -3.00, 3.00
14.00, -56.00, 13.00, 10.00, 3.00, 15.00
29.00, -52.00, 25.00, 18.00, 10.00, 25.00
35.00, -46.00, 32.00, 25.00, 15.00, 31.00
44.00, -48.00, 22.00, 35.00, 22.00, 39.00
53.00, -51.00, 23.00, 44.00, 29.00, 48.00
50.00, -67.00, 35.00, 56.00, 37.00, 60.00
29.00, -53.00, 22.00, 65.00, 42.00, 75.00
55.00, -21.00, 22.00, 71.00, 46.00, 80.00
70.00, -24.00, 24.00, 75.00, 50.00, 82.00
69.00, -58.00, 10.00, 90.00, 63.00, 97.00
56.00, -32.00, 4.00, 110.00, 81.00, 125.00
72.00, 14.00, 1.00, 129.00, 97.00, 145.00
105.00, 25.00, 6.00, 141.00, 110.00, 151.00
92.00, -2.00, 0.00, 160.00, 128.00, 168.00
87.00, 12.00, 15.00, 187.00, 154.00, 201.00
85.00, 64.00, 5.00, 208.00, 173.00, 224.00
124.00, 84.00, 17.00, 220.00, 186.00, 229.00
132.00, 46.00, 25.00, 239.00, 208.00, 246.00
111.00, 58.00, 34.00, 272.00, 243.00, 286.00
124.00, 99.00, 29.00, 309.00, 279.00, 321.00
134.00, 137.00, 8.00, 325.00, 296.00, 335.00
141.00, 119.00, 18.00, 335.00, 306.00, 342.00
147.00, 120.00, 30.00, 351.00, 323.00, 357.00
145.00, 119.00, 28.00, 372.00, 343.00, 374.00
153.00, 142.00, 20.00, 385.00, 356.00, 388.00
164.00, 143.00, 8.00, 388.00, 361.00, 390.00
160.00, 132.00, 14.00, 392.00, 365.00, 393.00
171.00, 119.00, 14.00, 403.00, 376.00, 400.00
179.00, 122.00, 7.00, 413.00, 386.00, 412.00
181.00, 150.00, 14.00, 411.00, 382.00, 411.00
197.00, 146.00, 11.00, 396.00, 367.00, 393.00
209.00, 109.00, 11.00, 386.00, 357.00, 380.00
198.00, 98.00, 4.00, 389.00, 362.00, 389.00
197.00, 112.00, 11.00, 404.00, 377.00, 402.00
218.00, 139.00, 33.00, 415.00, 387.00, 412.00
233.00, 126.00, 25.00, 413.00, 385.00, 407.00
243.00, 114.00, 42.00, 409.00, 381.00, 405.00
246.00, 112.00, 33.00, 410.00, 381.00, 409.00
247.00, 126.00, 39.00, 417.00, 387.00, 416.00
246.00, 149.00, 40.00, 416.00, 384.00, 416.00
274.00, 139.00, 22.00, 407.00, 375.00, 407.00
282.00, 112.00, 24.00, 406.00, 376.00, 401.00
278.00, 121.00, 27.00, 413.00, 384.00, 409.00
286.00, 160.00, 46.00, 414.00, 385.00, 419.00
301.00, 172.00, 36.00, 405.00, 377.00, 411.00
300.00, 136.00, 25.00, 395.00, 366.00, 395.00
296.00, 131.00, 17.00, 394.00, 365.00, 389.00
298.00, 153.00, 32.00, 395.00, 367.00, 391.00
309.00, 187.00, 39.00, 385.00, 357.00, 385.00
314.00, 153.00, 26.00, 364.00, 338.00, 363.00
308.00, 117.00, 30.00, 347.00, 322.00, 342.00
314.00, 127.00, 38.00, 339.00, 312.00, 330.00
335.00, 142.00, 53.00, 323.00, 296.00, 314.00
336.00, 117.00, 44.00, 293.00, 267.00, 285.00
319.00, 83.00, 25.00, 263.00, 238.00, 257.00
336.00, 92.00, 36.00, 242.00, 219.00, 241.00
351.00, 105.00, 44.00, 226.00, 207.00, 229.00
355.00, 96.00, 41.00, 218.00, 202.00, 225.00
348.00, 90.00, 43.00, 223.00, 210.00, 232.00
351.00, 105.00, 60.00, 236.00, 222.00, 243.00
351.00, 128.00, 70.00, 239.00, 223.00, 243.00
361.00, 122.00, 60.00, 225.00, 207.00, 228.00
366.00, 95.00, 39.00, 210.00, 193.00, 213.00
369.00, 72.00, 43.00, 214.00, 200.00, 219.00
352.00, 96.00, 61.00, 238.00, 226.00, 245.00
359.00, 133.00, 69.00, 257.00, 242.00, 260.00
364.00, 122.00, 55.00, 253.00, 235.00, 250.00
369.00, 89.00, 41.00, 240.00, 222.00, 234.00
368.00, 77.00, 45.00, 238.00, 224.00, 233.00
362.00, 94.00, 66.00, 249.00, 237.00, 245.00
363.00, 110.00, 71.00, 251.00, 239.00, 247.00
367.00, 98.00, 67.00, 236.00, 222.00, 231.00
373.00, 79.00, 58.00, 214.00, 198.00, 205.00
377.00, 61.00, 50.00, 196.00, 182.00, 186.00
369.00, 54.00, 56.00, 193.00, 184.00, 185.00
358.00, 86.00, 69.00, 201.00, 193.00, 195.00
371.00, 98.00, 73.00, 195.00, 186.00, 188.00
374.00, 70.00, 64.00, 174.00, 165.00, 167.00
377.00, 66.00, 63.00, 161.00, 152.00, 153.00
377.00, 85.00, 71.00, 156.00, 148.00, 147.00
369.00, 89.00, 71.00, 145.00, 138.00, 136.00
372.00, 80.00, 70.00, 124.00, 116.00, 115.00
382.00, 65.00, 64.00, 100.00, 94.00, 93.00
382.00, 60.00, 60.00, 88.00, 84.00, 82.00
378.00, 75.00, 67.00, 89.00, 88.00, 83.00
376.00, 76.00, 74.00, 92.00, 91.00, 85.00
378.00, 75.00, 73.00, 88.00, 87.00, 81.00
380.00, 62.00, 77.00, 79.00, 78.00, 72.00
382.00, 55.00, 72.00, 71.00, 71.00, 65.00
378.00, 58.00, 72.00, 69.00, 69.00, 61.00
381.00, 57.00, 76.00, 67.00, 66.00, 58.00
377.00, 57.00, 76.00, 61.00, 61.00, 52.00
377.00, 57.00, 76.00, 54.00, 53.00, 45.00
-0.00, 11.00, 1.00, 23.00, -24.00, -21.00
-6.00, 17.00, 3.00, 22.00, -22.00, -20.00
-9.00, 28.00, 0.00, 22.00, -23.00, -22.00
-10.00, 39.00, 4.00, 26.00, -28.00, -28.00
-8.00, 51.00, 3.00, 34.00, -36.00, -38.00
-12.00, 57.00, 10.00, 40.00, -39.00, -44.00
-15.00, 65.00, 7.00, 38.00, -35.00, -44.00
-22.00, 83.00, 12.00, 33.00, -28.00, -41.00
-24.00, 111.00, 6.00, 34.00, -27.00, -45.00
-19.00, 125.00, 3.00, 42.00, -35.00, -59.00
-10.00, 122.00, 2.00, 53.00, -45.00, -76.00
-3.00, 136.00, 7.00, 67.00, -58.00, -94.00
8.00, 146.00, 7.00, 86.00, -77.00, -117.00
4.00, 141.00, 8.00, 110.00, -100.00, -146.00
5.00, 140.00, 5.00, 141.00, -131.00, -182.00
-2.00, 141.00, 8.00, 179.00, -168.00, -223.00
-8.00, 128.00, 10.00, 221.00, -209.00, -266.00
-7.00, 114.00, 11.00, 261.00, -248.00, -308.00
-13.00, 111.00, 7.00, 305.00, -291.00, -349.00
-14.00, 104.00, 8.00, 348.00, -332.00, -389.00
-20.00, 86.00, 5.00, 394.00, -373.00, -428.00
-32.00, 70.00, 7.00, 430.00, -406.00, -459.00
-45.00, 69.00, 11.00, 449.00, -424.00, -477.00
-57.00, 84.00, 2.00, 466.00, -442.00, -493.00
-67.00, 92.00, 6.00, 492.00, -468.00, -515.00
-73.00, 61.00, 0.00, 527.00, -504.00, -548.00
-79.00, 60.00, 21.00, 559.00, -534.00, -576.00
-91.00, 71.00, 18.00, 575.00, -547.00, -591.00
-113.00, 69.00, 14.00, 582.00, -553.00, -597.00
-125.00, 81.00, 20.00, 586.00, -558.00, -600.00
-130.00, 70.00, 21.00, 592.00, -565.00, -604.00
-134.00, 70.00, 27.00, 601.00, -573.00, -611.00
-144.00, 80.00, 24.00, 607.00, -576.00, -615.00
-155.00, 77.00, 19.00, 613.00, -581.00, -617.00
-164.00, 73.00, 23.00, 620.00, -588.00, -622.00
-171.00, 67.00, 27.00, 626.00, -595.00, -627.00
-176.00, 58.00, 34.00, 632.00, -600.00, -632.00
-189.00, 51.00, 32.00, 633.00, -601.00, -632.00
-197.00, 49.00, 29.00, 629.00, -596.00, -627.00
-210.00, 45.00, 29.00, 625.00, -593.00, -623.00
-213.00, 34.00, 37.00, 626.00, -595.00, -622.00
-226.00, 14.00, 47.00, 626.00, -595.00, -620.00
-235.00, 16.00, 51.00, 617.00, -587.00, -610.00
-240.00, 35.00, 50.00, 605.00, -575.00, -598.00
-240.00, 35.00, 50.00, 596.00, -566.00, -588.00
-253.00, 16.00, 59.00, 587.00, -556.00, -578.00
-261.00, 12.00, 61.00, 573.00, -541.00, -563.00
-261.00, 12.00, 61.00, 554.00, -523.00, -544.00
-269.00, 15.00, 59.00, 540.00, -509.00, -529.00
-272.00, 20.00, 55.00, 532.00, -501.00, -521.00
-280.00, -1.00, 64.00, 524.00, -492.00, -512.00
-289.00, -10.00, 69.00, 509.00, -479.00, -497.00
-290.00, -7.00, 63.00, 496.00, -466.00, -483.00
-295.00, -9.00, 63.00, 482.00, -453.00, -470.00
-298.00, -16.00, 66.00, 468.00, -439.00, -456.00
-306.00, -18.00, 71.00, 450.00, -422.00, -439.00
-308.00, -15.00, 68.00, 434.00, -406.00, -423.00
-315.00, -19.00, 65.00, 422.00, -395.00, -410.00
-314.00, -26.00, 68.00, 411.00, -384.00, -399.00
-328.00, -33.00, 70.00, 400.00, -375.00, -389.00
-326.00, -35.00, 77.00, 386.00, -361.00, -376.00
-330.00, -39.00, 77.00, 372.00, -348.00, -362.00
-331.00, -40.00, 73.00, 358.00, -334.00, -348.00
-338.00, -49.00, 75.00, 346.00, -323.00, -336.00
-337.00, -56.00, 75.00, 331.00, -309.00, -320.00
-345.00, -65.00, 69.00, 313.00, -293.00, -303.00
-348.00, -54.00, 65.00, 297.00, -278.00, -289.00
-343.00, -58.00, 67.00, 287.00, -270.00, -280.00
-347.00, -68.00, 69.00, 280.00, -263.00, -272.00
-350.00, -82.00, 71.00, 267.00, -252.00, -260.00
-353.00, -86.00, 69.00, 252.00, -238.00, -243.00
-358.00, -74.00, 63.00, 239.00, -227.00, -230.00
-359.00, -75.00, 72.00, 233.00, -221.00, -224.00
-356.00, -82.00, 72.00, 229.00, -217.00, -219.00
-367.00, -95.00, 76.00, 222.00, -211.00, -210.00
-365.00, -91.00, 79.00, 210.00, -199.00, -195.00
-365.00, -79.00, 73.00, 198.00, -188.00, -182.00
-364.00, -77.00, 83.00, 187.00, -177.00, -172.00
-371.00, -85.00, 78.00, 173.00, -163.00, -158.00
-370.00, -81.00, 81.00, 156.00, -146.00, -140.00
-373.00, -73.00, 78.00, 136.00, -127.00, -120.00
-374.00, -67.00, 72.00, 120.00, -110.00, -103.00
-374.00, -70.00, 66.00, 106.00, -97.00, -91.00
-375.00, -69.00, 74.00, 92.00, -86.00, -78.00
-373.00, -60.00, 75.00, 80.00, -73.00, -67.00
-378.00, -58.00, 74.00, 67.00, -62.00, -57.00
-375.00, -54.00, 68.00, 59.00, -55.00, -50.00
-375.00, -61.00, 70.00, 52.00, -49.00, -45.00
-379.00, -61.00, 71.00, 44.00, -41.00, -37.00
-381.00, -53.00, 67.00, 39.00, -37.00, -33.00
-378.00, -56.00, 68.00, 38.00, -37.00, -33.00
-378.00, -60.00, 70.00, 38.00, -38.00, -35.00
-380.00, -61.00, 70.00, 39.00, -39.00, -36.00
-378.00, -59.00, 71.00, 42.00, -42.00, -38.00
-379.00, -59.00, 74.00, 45.00, -45.00, -41.00
-375.00, -61.00, 77.00, 48.00, -48.00, -44.00
-375.00, -58.00, 81.00, 47.00, -47.00, -44.00
-376.00, -60.00, 79.00, 45.00, -44.00, -42.00
-378.00, -56.00, 76.00, 43.00, -42.00, -39.00
-379.00, -60.00, 76.00, 42.00, -42.00, -39.00
18.00, -20.00, 8.00, 23.00, 21.00, 27.00
11.00, -31.00, 6.00, 28.00, 25.00, 33.00
27.00, -25.00, 11.00, 33.00, 29.00, 39.00
26.00, -39.00, 16.00, 39.00, 34.00, 45.00
40.00, -66.00, 23.00, 50.00, 44.00, 55.00
20.00, -66.00, 24.00, 67.00, 60.00, 77.00
49.00, -44.00, 36.00, 87.00, 78.00, 101.00
52.00, -35.00, 41.00, 103.00, 90.00, 115.00
52.00, -61.00, 30.00, 117.00, 101.00, 125.00
37.00, -60.00, 18.00, 140.00, 120.00, 147.00
63.00, -17.00, 37.00, 159.00, 136.00, 174.00
77.00, -5.00, 32.00, 173.00, 149.00, 186.00
80.00, -41.00, 13.00, 187.00, 163.00, 197.00
67.00, -45.00, 11.00, 218.00, 192.00, 228.00
70.00, 23.00, 29.00, 256.00, 226.00, 273.00
87.00, 68.00, 31.00, 278.00, 244.00, 294.00
103.00, 35.00, 18.00, 283.00, 249.00, 292.00
110.00, 26.00, 16.00, 297.00, 264.00, 304.00
94.00, 70.00, 3.00, 323.00, 290.00, 337.00
122.00, 107.00, 15.00, 346.00, 312.00, 361.00
126.00, 96.00, 9.00, 357.00, 323.00, 365.00
117.00, 99.00, 4.00, 362.00, 327.00, 368.00
133.00, 114.00, 3.00, 367.00, 331.00, 374.00
158.00, 129.00, 7.00, 371.00, 335.00, 377.00
168.00, 95.00, 4.00, 377.00, 344.00, 381.00
127.00, 113.00, 3.00, 391.00, 357.00, 397.00
153.00, 151.00, 13.00, 400.00, 362.00, 409.00
178.00, 173.00, 1.00, 398.00, 358.00, 401.00
195.00, 120.00, 15.00, 394.00, 357.00, 387.00
160.00, 112.00, 16.00, 402.00, 369.00, 395.00
190.00, 169.00, 8.00, 417.00, 384.00, 419.00
194.00, 172.00, 16.00, 425.00, 393.00, 423.00
186.00, 145.00, 5.00, 418.00, 385.00, 412.00
194.00, 122.00, 6.00, 412.00, 379.00, 405.00
209.00, 145.00, 16.00, 416.00, 384.00, 411.00
223.00, 161.00, 18.00, 421.00, 390.00, 418.00
229.00, 166.00, 21.00, 420.00, 388.00, 416.00
231.00, 164.00, 28.00, 412.00, 379.00, 406.00
233.00, 148.00, 18.00, 399.00, 366.00, 390.00
231.00, 157.00, 18.00, 388.00, 356.00, 379.00
243.00, 157.00, 20.00, 375.00, 343.00, 368.00
259.00, 143.00, 31.00, 365.00, 334.00, 356.00
269.00, 112.00, 37.00, 357.00, 327.00, 346.00
270.00, 117.00, 43.00, 353.00, 325.00, 346.00
265.00, 141.00, 40.00, 353.00, 324.00, 350.00
282.00, 129.00, 31.00, 351.00, 322.00, 348.00
286.00, 109.00, 29.00, 351.00, 325.00, 348.00
293.00, 117.00, 48.00, 360.00, 335.00, 359.00
297.00, 135.00, 40.00, 369.00, 346.00, 370.00
300.00, 133.00, 46.00, 376.00, 352.00, 378.00
323.00, 119.00, 37.00, 378.00, 354.00, 378.00
334.00, 95.00, 49.00, 383.00, 360.00, 382.00
328.00, 125.00, 75.00, 394.00, 371.00, 394.00
321.00, 135.00, 64.00, 401.00, 378.00, 406.00
325.00, 143.00, 39.00, 404.00, 383.00, 412.00
339.00, 138.00, 46.00, 410.00, 391.00, 416.00
335.00, 124.00, 57.00, 424.00, 406.00, 424.00
331.00, 144.00, 90.00, 439.00, 419.00, 435.00
328.00, 172.00, 95.00, 430.00, 407.00, 427.00
342.00, 156.00, 68.00, 393.00, 368.00, 392.00
354.00, 111.00, 59.00, 355.00, 332.00, 353.00
342.00, 81.00, 56.00, 342.00, 324.00, 340.00
343.00, 118.00, 74.00, 353.00, 337.00, 354.00
338.00, 160.00, 94.00, 356.00, 337.00, 356.00
353.00, 126.00, 68.00, 335.00, 315.00, 334.00
354.00, 89.00, 57.00, 316.00, 299.00, 313.00
355.00, 87.00, 59.00, 322.00, 310.00, 320.00
355.00, 87.00, 59.00, 342.00, 332.00, 340.00
356.00, 125.00, 106.00, 347.00, 335.00, 344.00
356.00, 125.00, 106.00, 332.00, 317.00, 328.00
362.00, 107.00, 94.00, 311.00, 295.00, 304.00
369.00, 90.00, 83.00, 292.00, 275.00, 284.00
363.00, 83.00, 77.00, 276.00, 259.00, 268.00
366.00, 99.00, 80.00, 256.00, 240.00, 249.00
367.00, 96.00, 90.00, 234.00, 221.00, 230.00
374.00, 82.00, 78.00, 222.00, 212.00, 222.00
373.00, 78.00, 78.00, 220.00, 210.00, 219.00
371.00, 87.00, 88.00, 216.00, 206.00, 214.00
375.00, 87.00, 97.00, 207.00, 198.00, 205.00
371.00, 80.00, 85.00, 202.00, 193.00, 199.00
377.00, 76.00, 85.00, 202.00, 194.00, 198.00
377.00, 67.00, 92.00, 205.00, 197.00, 200.00
368.00, 63.00, 102.00, 204.00, 195.00, 200.00
375.00, 89.00, 99.00, 195.00, 185.00, 188.00
386.00, 85.00, 89.00, 181.00, 172.00, 174.00
386.00, 80.00, 86.00, 171.00, 163.00, 164.00
387.00, 94.00, 82.00, 164.00, 157.00, 156.00
364.00, 89.00, 85.00, 157.00, 150.00, 146.00
362.00, 80.00, 85.00, 146.00, 139.00, 132.00
371.00, 77.00, 88.00, 129.00, 122.00, 115.00
371.00, 75.00, 89.00, 108.00, 100.00, 95.00
377.00, 72.00, 80.00, 85.00, 79.00, 73.00
384.00, 58.00, 77.00, 69.00, 65.00, 59.00
387.00, 53.00, 75.00, 60.00, 59.00, 53.00
382.00, 55.00, 87.00, 55.00, 54.00, 49.00
384.00, 61.00, 88.00, 47.00, 47.00, 42.00
383.00, 63.00, 92.00, 37.00, 36.00, 31.00
384.00, 49.00, 88.00, 29.00, 29.00, 24.00
384.00, 51.00, 89.00, 24.00, 24.00, 19.00
383.00, 54.00, 91.00, 20.00, 20.00, 14.00
-2.00, 11.00, 0.00, 9.00, 8.00, 9.00
-5.00, 7.00, 1.00, 9.00, 8.00, 9.00
-5.00, 8.00, 0.00, 9.00, 8.00, 8.00
-5.00, 11.00, 1.00, 9.00, 8.00, 8.00
-5.00, 13.00, 0.00, 9.00, 8.00, 8.00
-4.00, 14.00, 2.00, 10.00, 9.00, 9.00
-9.00, 24.00, 6.00, 12.00, 11.00, 10.00
-13.00, 32.00, 2.00, 11.00, 10.00, 8.00
-9.00, 36.00, 0.00, 4.00, 1.00, -3.00
-8.00, 35.00, 7.00, 9.00, -13.00, -17.00
-11.00, 40.00, 8.00, 20.00, -22.00, -28.00
-19.00, 60.00, 10.00, 26.00, -25.00, -32.00
-14.00, 71.00, 8.00, 29.00, -27.00, -38.00
-14.00, 71.00, 8.00, 36.00, -33.00, -47.00
-16.00, 83.00, 9.00, 46.00, -43.00, -59.00
-19.00, 107.00, 14.00, 58.00, -56.00, -76.00
-11.00, 123.00, 14.00, 72.00, -66.00, -94.00
-15.00, 137.00, 10.00, 85.00, -77.00, -112.00
-24.00, 145.00, 10.00, 103.00, -96.00, -138.00
-27.00, 177.00, 6.00, 140.00, -135.00, -181.00
-7.00, 163.00, 4.00, 188.00, -181.00, -234.00
-2.00, 145.00, 12.00, 233.00, -221.00, -279.00
-13.00, 120.00, 17.00, 269.00, -253.00, -315.00
-25.00, 122.00, 1.00, 309.00, -294.00, -356.00
-28.00, 130.00, 6.00, 361.00, -347.00, -408.00
-11.00, 105.00, 4.00, 414.00, -397.00, -457.00
-38.00, 80.00, 10.00, 455.00, -435.00, -494.00
-40.00, 89.00, 3.00, 491.00, -468.00, -525.00
-41.00, 63.00, 10.00, 524.00, -498.00, -551.00
-76.00, 35.00, 15.00, 545.00, -519.00, -566.00
-80.00, 56.00, 7.00, 563.00, -538.00, -579.00
-93.00, 43.00, 19.00, 577.00, -551.00, -589.00
-109.00, 65.00, 19.00, 588.00, -558.00, -594.00
-107.00, 63.00, 24.00, 591.00, -559.00, -593.00
-119.00, 49.00, 27.00, 579.00, -547.00, -581.00
-139.00, 65.00, 25.00, 562.00, -534.00, -565.00
-145.00, 83.00, 9.00, 564.00, -536.00, -565.00
-139.00, 60.00, 13.00, 571.00, -541.00, -570.00
-151.00, 28.00, 28.00, 565.00, -537.00, -564.00
-170.00, 45.00, 21.00, 555.00, -530.00, -552.00
-181.00, 54.00, 23.00, 548.00, -527.00, -544.00
-179.00, 68.00, 45.00, 544.00, -523.00, -541.00
-185.00, 55.00, 51.00, 539.00, -516.00, -535.00
-196.00, 52.00, 55.00, 530.00, -504.00, -521.00
-203.00, 56.00, 58.00, 508.00, -481.00, -497.00
-214.00, 63.00, 53.00, 485.00, -459.00, -476.00
-220.00, 67.00, 43.00, 473.00, -450.00, -467.00
-213.00, 58.00, 57.00, 469.00, -449.00, -465.00
-217.00, 46.00, 75.00, 459.00, -437.00, -453.00
-245.00, 45.00, 70.00, 442.00, -418.00, -434.00
-240.00, 27.00, 65.00, 423.00, -398.00, -413.00
-243.00, 44.00, 54.00, 403.00, -381.00, -394.00
-235.00, 61.00, 62.00, 390.00, -371.00, -383.00
-255.00, 59.00, 75.00, 381.00, -363.00, -375.00
-259.00, 52.00, 73.00, 376.00, -356.00, -369.00
-255.00, 46.00, 87.00, 366.00, -344.00, -357.00
-255.00, 37.00, 85.00, 345.00, -322.00, -338.00
-265.00, 36.00, 77.00, 322.00, -299.00, -315.00
-274.00, 37.00, 57.00, 307.00, -287.00, -301.00
-275.00, 19.00, 66.00, 301.00, -284.00, -296.00
-276.00, 20.00, 71.00, 298.00, -281.00, -292.00
-276.00, 3.00, 76.00, 290.00, -272.00, -283.00
-281.00, 7.00, 73.00, 276.00, -260.00, -270.00
-290.00, 10.00, 70.00, 265.00, -251.00, -258.00
-282.00, 15.00, 67.00, 260.00, -246.00, -253.00
-293.00, 0.00, 86.00, 252.00, -237.00, -243.00
-300.00, 8.00, 83.00, 238.00, -223.00, -228.00
-299.00, 12.00, 81.00, 221.00, -208.00, -212.00
-303.00, 15.00, 74.00, 205.00, -193.00, -197.00
-303.00, 19.00, 81.00, 192.00, -181.00, -186.00
-310.00, 17.00, 82.00, 182.00, -170.00, -175.00
-314.00, 23.00, 83.00, 176.00, -164.00, -167.00
-312.00, 22.00, 78.00, 175.00, -163.00, -165.00
-304.00, 8.00, 88.00, 171.00, -158.00, -161.00
-308.00, -2.00, 81.00, 161.00, -148.00, -151.00
-318.00, 5.00, 74.00, 147.00, -135.00, -137.00
-314.00, 9.00, 78.00, 133.00, -122.00, -123.00
-315.00, 8.00, 74.00, 122.00, -112.00, -114.00
-320.00, 11.00, 75.00, 116.00, -108.00, -109.00
-321.00, 4.00, 74.00, 116.00, -109.00, -109.00
-316.00, -9.00, 89.00, 113.00, -106.00, -107.00
-320.00, -10.00, 84.00, 104.00, -96.00, -96.00
-323.00, -4.00, 78.00, 93.00, -86.00, -84.00
-324.00, -3.00, 76.00, 84.00, -79.00, -76.00
-322.00, -2.00, 80.00, 78.00, -72.00, -70.00
-327.00, -4.00, 77.00, 71.00, -65.00, -63.00
-332.00, 2.00, 76.00, 64.00, -59.00, -55.00
-329.00, 7.00, 82.00, 60.00, -56.00, -51.00
-324.00, 2.00, 85.00, 56.00, -52.00, -48.00
-332.00, -4.00, 83.00, 46.00, -42.00, -39.00
-330.00, 9.00, 79.00, 35.00, -33.00, -30.00
-328.00, 14.00, 78.00, 28.00, -27.00, -24.00
-326.00, 7.00, 81.00, 27.00, -27.00, -24.00
-327.00, 0.00, 86.00, 28.00, -28.00, -27.00
-333.00, -2.00, 82.00, 27.00, -27.00, -24.00
-336.00, 4.00, 82.00, 24.00, -24.00, -21.00
-331.00, 6.00, 86.00, 21.00, -22.00, -19.00
-331.00, 8.00, 87.00, 18.00, -19.00, -16.00
-331.00, 9.00, 90.00, 16.00, -17.00, -13.00
-327.00, 9.00, 88.00, 12.00, -13.00, -9.00
9.00, -16.00, 2.00, 1.00, 2.00, 3.00
9.00, -22.00, 7.00, 4.00, 5.00, 6.00
13.00, -31.00, 14.00, 7.00, 7.00, 9.00
29.00, -52.00, 27.00, 9.00, 8.00, 11.00
48.00, -95.00, 36.00, 11.00, 10.00, 14.00
30.00, -128.00, 46.00, 16.00, 11.00, 22.00
32.00, -129.00, 62.00, 18.00, 7.00, 31.00
41.00, -92.00, 53.00, 19.00, 3.00, 32.00
61.00, -101.00, 34.00, 19.00, 0.00, 29.00
47.00, -115.00, 9.00, 35.00, 14.00, 48.00
52.00, -53.00, 24.00, 67.00, 46.00, 87.00
61.00, -18.00, 18.00, 100.00, 77.00, 121.00
73.00, -1.00, 2.00, 127.00, 103.00, 146.00
86.00, -7.00, 2.00, 160.00, 137.00, 176.00
83.00, -18.00, 29.00, 198.00, 175.00, 212.00
49.00, 40.00, 12.00, 233.00, 205.00, 250.00
97.00, 85.00, 20.00, 242.00, 209.00, 257.00
133.00, 17.00, 1.00, 241.00, 212.00, 246.00
124.00, -47.00, 3.00, 263.00, 241.00, 269.00
96.00, -5.00, 20.00, 305.00, 281.00, 324.00
130.00, 62.00, 52.00, 342.00, 313.00, 363.00
134.00, 40.00, 36.00, 359.00, 326.00, 373.00
144.00, 33.00, 18.00, 381.00, 346.00, 387.00
141.00, 65.00, 14.00, 406.00, 373.00, 415.00
142.00, 84.00, 17.00, 434.00, 401.00, 443.00
162.00, 120.00, 33.00, 453.00, 419.00, 459.00
167.00, 96.00, 16.00, 462.00, 428.00, 462.00
178.00, 97.00, 22.00, 475.00, 441.00, 472.00
179.00, 114.00, 30.00, 488.00, 456.00, 486.00
191.00, 106.00, 47.00, 495.00, 465.00, 498.00
195.00, 122.00, 39.00, 503.00, 471.00, 503.00
203.00, 102.00, 49.00, 498.00, 465.00, 492.00
221.00, 101.00, 72.00, 485.00, 451.00, 478.00
224.00, 53.00, 57.00, 475.00, 442.00, 473.00
221.00, 91.00, 51.00, 475.00, 442.00, 479.00
240.00, 135.00, 53.00, 471.00, 436.00, 470.00
245.00, 116.00, 62.00, 452.00, 417.00, 443.00
242.00, 60.00, 44.00, 430.00, 397.00, 423.00
243.00, 71.00, 46.00, 426.00, 395.00, 428.00
258.00, 121.00, 59.00, 428.00, 399.00, 431.00
251.00, 123.00, 47.00, 420.00, 392.00, 419.00
263.00, 106.00, 50.00, 409.00, 381.00, 405.00
261.00, 102.00, 49.00, 402.00, 377.00, 399.00
253.00, 129.00, 55.00, 399.00, 374.00, 395.00
269.00, 121.00, 55.00, 380.00, 356.00, 373.00
268.00, 78.00, 46.00, 357.00, 336.00, 348.00
269.00, 72.00, 51.00, 351.00, 333.00, 345.00
279.00, 99.00, 72.00, 358.00, 342.00, 353.00
259.00, 100.00, 73.00, 363.00, 348.00, 354.00
259.00, 96.00, 71.00, 351.00, 333.00, 337.00
264.00, 70.00, 71.00, 323.00, 305.00, 307.00
264.00, 70.00, 71.00, 297.00, 282.00, 285.00
262.00, 47.00, 63.00, 283.00, 271.00, 277.00
266.00, 71.00, 60.00, 274.00, 264.00, 267.00
272.00, 85.00, 73.00, 259.00, 250.00, 250.00
274.00, 78.00, 81.00, 244.00, 235.00, 233.00
268.00, 61.00, 84.00, 232.00, 223.00, 220.00
277.00, 75.00, 83.00, 216.00, 208.00, 203.00
280.00, 73.00, 83.00, 196.00, 189.00, 183.00
275.00, 54.00, 80.00, 180.00, 175.00, 168.00
274.00, 47.00, 84.00, 170.00, 166.00, 158.00
273.00, 51.00, 85.00, 161.00, 157.00, 149.00
273.00, 55.00, 93.00, 149.00, 145.00, 137.00
277.00, 51.00, 90.00, 131.00, 127.00, 118.00
274.00, 33.00, 90.00, 113.00, 110.00, 102.00
272.00, 30.00, 92.00, 98.00, 95.00, 87.00
278.00, 37.00, 91.00, 84.00, 81.00, 74.00
277.00, 35.00, 90.00, 69.00, 66.00, 60.00
275.00, 31.00, 86.00, 56.00, 56.00, 50.00
277.00, 23.00, 86.00, 51.00, 51.00, 47.00
272.00, 30.00, 89.00, 50.00, 51.00, 47.00
275.00, 39.00, 96.00, 49.00, 48.00, 44.00
273.00, 38.00, 96.00, 42.00, 41.00, 37.00
275.00, 34.00, 92.00, 33.00, 32.00, 29.00
276.00, 26.00, 88.00, 28.00, 27.00, 24.00
273.00, 32.00, 87.00, 27.00, 27.00, 24.00
273.00, 46.00, 98.00, 24.00, 23.00, 21.00
275.00, 35.00, 90.00, 18.00, 18.00, 15.00
271.00, 32.00, 86.00, 14.00, 14.00, 11.00
271.00, 33.00, 88.00, 12.00, 12.00, 9.00
273.00, 37.00, 88.00, 10.00, 9.00, 7.00
273.00, 35.00, 91.00, 8.00, 8.00, 5.00
273.00, 33.00, 89.00, 6.00, 6.00, 3.00
271.00, 29.00, 89.00, 6.00, 6.00, 4.00
272.00, 34.00, 89.00, 7.00, 6.00, 5.00
271.00, 39.00, 89.00, 7.00, 6.00, 4.00
272.00, 36.00, 95.00, 4.00, 3.00, 2.00
271.00, 36.00, 89.00, 1.00, 0.00, -2.00
276.00, 32.00, 88.00, 2.00, -3.00, -4.00
272.00, 34.00, 87.00, 3.00, -4.00, -5.00
274.00, 31.00, 92.00, 3.00, -3.00, -4.00
274.00, 35.00, 88.00, 2.00, -2.00, -3.00
271.00, 34.00, 93.00, 1.00, -2.00, -2.00
273.00, 34.00, 91.00, 1.00, -1.00, -1.00
274.00, 36.00, 91.00, 0.00, 0.00, -1.00
275.00, 31.00, 89.00, 1.00, 1.00, -0.00
271.00, 34.00, 92.00, 3.00, 3.00, 2.00
271.00, 40.00, 96.00, 3.00, 2.00, 2.00
275.00, 36.00, 93.00, 2.00, -2.00, -2.00
275.00, 25.00, 87.00, 2.00, -2.00, -1.00
-5.00, 12.00, 1.00, 14.00, -16.00, -15.00
-5.00, 31.00, 1.00, 17.00, -19.00, -19.00
-9.00, 44.00, 5.00, 25.00, -28.00, -28.00
-14.00, 55.00, 14.00, 34.00, -37.00, -40.00
-10.00, 70.00, 20.00, 44.00, -44.00, -53.00
-13.00, 70.00, 26.00, 47.00, -42.00, -55.00
-15.00, 87.00, 17.00, 45.00, -40.00, -56.00
-17.00, 107.00, 4.00, 52.00, -48.00, -70.00
-16.00, 116.00, 4.00, 71.00, -69.00, -93.00
-14.00, 106.00, 8.00, 101.00, -99.00, -132.00
-21.00, 88.00, 25.00, 140.00, -137.00, -169.00
-26.00, 82.00, 30.00, 172.00, -165.00, -199.00
-24.00, 84.00, 29.00, 197.00, -186.00, -222.00
-23.00, 87.00, 21.00, 216.00, -202.00, -240.00
-28.00, 95.00, 18.00, 235.00, -219.00, -260.00
-31.00, 84.00, 18.00, 257.00, -240.00, -283.00
-40.00, 72.00, 19.00, 280.00, -262.00, -305.00
-48.00, 71.00, 12.00, 300.00, -281.00, -323.00
-44.00, 83.00, 13.00, 320.00, -300.00, -341.00
-46.00, 89.00, 8.00, 343.00, -321.00, -364.00
-51.00, 76.00, 12.00, 372.00, -348.00, -391.00
-54.00, 56.00, 19.00, 397.00, -373.00, -416.00
-59.00, 44.00, 16.00, 413.00, -390.00, -432.00
-67.00, 46.00, 5.00, 422.00, -399.00, -441.00
-75.00, 64.00, 6.00, 431.00, -407.00, -451.00
-85.00, 60.00, 11.00, 449.00, -426.00, -471.00
-93.00, 52.00, 17.00, 477.00, -456.00, -498.00
-96.00, 45.00, 21.00, 507.00, -487.00, -527.00
-96.00, 25.00, 28.00, 534.00, -512.00, -552.00
-109.00, 27.00, 37.00, 550.00, -524.00, -567.00
-133.00, 30.00, 39.00, 556.00, -529.00, -573.00
-142.00, 32.00, 36.00, 560.00, -536.00, -577.00
-143.00, 34.00, 35.00, 572.00, -549.00, -587.00
-144.00, 25.00, 43.00, 594.00, -570.00, -607.00
-163.00, 6.00, 53.00, 616.00, -589.00, -628.00
-176.00, -4.00, 56.00, 632.00, -603.00, -638.00
-177.00, -11.00, 54.00, 640.00, -611.00, -642.00
-190.00, -12.00, 52.00, 647.00, -615.00, -643.00
-197.00, -18.00, 63.00, 650.00, -617.00, -641.00
-203.00, -26.00, 68.00, 646.00, -611.00, -635.00
-203.00, -29.00, 66.00, 633.00, -597.00, -622.00
-211.00, -37.00, 61.00, 617.00, -579.00, -604.00
-222.00, -41.00, 60.00, 599.00, -562.00, -586.00
-224.00, -43.00, 59.00, 586.00, -549.00, -572.00
-230.00, -61.00, 70.00, 573.00, -538.00, -562.00
-240.00, -75.00, 72.00, 557.00, -522.00, -546.00
-253.00, -74.00, 67.00, 535.00, -501.00, -523.00
-253.00, -69.00, 62.00, 513.00, -481.00, -500.00
-258.00, -70.00, 67.00, 496.00, -466.00, -485.00
-265.00, -82.00, 68.00, 484.00, -455.00, -473.00
-264.00, -92.00, 75.00, 470.00, -443.00, -461.00
-272.00, -102.00, 68.00, 454.00, -428.00, -444.00
-278.00, -101.00, 69.00, 437.00, -411.00, -426.00
-285.00, -103.00, 74.00, 421.00, -397.00, -409.00
-285.00, -114.00, 75.00, 408.00, -386.00, -396.00
-288.00, -124.00, 77.00, 394.00, -374.00, -381.00
-293.00, -119.00, 77.00, 378.00, -358.00, -363.00
-292.00, -119.00, 84.00, 359.00, -341.00, -344.00
-292.00, -121.00, 88.00, 339.00, -321.00, -324.00
-299.00, -121.00, 84.00, 316.00, -300.00, -301.00
-303.00, -115.00, 82.00, 294.00, -278.00, -277.00
-303.00, -115.00, 82.00, 272.00, -257.00, -255.00
-302.00, -116.00, 86.00, 252.00, -238.00, -235.00
-303.00, -120.00, 84.00, 230.00, -218.00, -214.00
-303.00, -124.00, 85.00, 208.00, -197.00, -192.00
-312.00, -121.00, 79.00, 188.00, -179.00, -172.00
-310.00, -114.00, 82.00, 169.00, -162.00, -154.00
-310.00, -117.00, 85.00, 151.00, -145.00, -138.00
-307.00, -110.00, 86.00, 134.00, -129.00, -122.00
-313.00, -115.00, 86.00, 117.00, -113.00, -106.00
-313.00, -104.00, 94.00, 102.00, -99.00, -90.00
-312.00, -99.00, 89.00, 90.00, -88.00, -80.00
-316.00, -97.00, 88.00, 81.00, -79.00, -71.00
-312.00, -97.00, 100.00, 70.00, -69.00, -61.00
-314.00, -95.00, 96.00, 58.00, -57.00, -50.00
-314.00, -86.00, 97.00, 47.00, -46.00, -40.00
-318.00, -82.00, 94.00, 40.00, -40.00, -33.00
-313.00, -83.00, 99.00, 36.00, -35.00, -30.00
-314.00, -83.00, 103.00, 31.00, -30.00, -26.00
-316.00, -87.00, 103.00, 23.00, -21.00, -18.00
-318.00, -85.00, 100.00, 13.00, -12.00, -8.00
-314.00, -76.00, 95.00, 7.00, -7.00, -4.00
-315.00, -77.00, 93.00, 8.00, -8.00, -6.00
-315.00, -80.00, 97.00, 11.00, -11.00, -9.00
-313.00, -85.00, 101.00, 12.00, -11.00, -10.00
-317.00, -89.00, 99.00, 9.00, -9.00, -7.00
-313.00, -80.00, 99.00, 8.00, -7.00, -6.00
-312.00, -78.00, 102.00, 8.00, -6.00, -7.00
-311.00, -82.00, 98.00, 8.00, -6.00, -8.00
-314.00, -91.00, 95.00, 7.00, -6.00, -7.00
-313.00, -92.00, 100.00, 4.00, -2.00, -2.00
-314.00, -83.00, 95.00, 2.00, 0.00, 0.00
-315.00, -84.00, 92.00, 2.00, -1.00, -1.00
-315.00, -85.00, 92.00, 5.00, -4.00, -5.00
-312.00, -86.00, 96.00, 9.00, -9.00, -10.00
-315.00, -91.00, 96.00, 15.00, -14.00, -14.00
-319.00, -93.00, 100.00, 18.00, -17.00, -17.00
-314.00, -93.00, 95.00, 19.00, -19.00, -17.00
-306.00, -90.00, 100.00, 19.00, -18.00, -17.00
-313.00, -87.00, 100.00, 18.00, -16.00, -16.00
1.00, -12.00, 2.00, 7.00, 6.00, 7.00
3.00, -17.00, 3.00, 7.00, 6.00, 7.00
4.00, -18.00, 6.00, 7.00, 6.00, 9.00
14.00, -20.00, 11.00, 8.00, 6.00, 10.00
18.00, -39.00, 14.00, 7.00, 6.00, 10.00
35.00, -55.00, 19.00, 9.00, 7.00, 11.00
33.00, -79.00, 33.00, 15.00, 13.00, 18.00
25.00, -83.00, 39.00, 27.00, 24.00, 30.00
47.00, -86.00, 56.00, 38.00, 31.00, 47.00
63.00, -112.00, 69.00, 46.00, 37.00, 58.00
61.00, -136.00, 66.00, 56.00, 43.00, 68.00
24.00, -114.00, 38.00, 78.00, 60.00, 92.00
58.00, -56.00, 42.00, 110.00, 85.00, 135.00
78.00, -16.00, 48.00, 144.00, 115.00, 170.00
106.00, -32.00, 36.00, 165.00, 133.00, 185.00
106.00, -32.00, 36.00, 183.00, 151.00, 199.00
93.00, -53.00, 11.00, 218.00, 184.00, 236.00
94.00, -20.00, 15.00, 266.00, 229.00, 288.00
111.00, 25.00, 24.00, 314.00, 276.00, 334.00
131.00, 41.00, 25.00, 355.00, 319.00, 370.00
115.00, 42.00, 12.00, 395.00, 358.00, 409.00
133.00, 65.00, 19.00, 433.00, 395.00, 448.00
139.00, 81.00, 20.00, 466.00, 426.00, 475.00
148.00, 97.00, 26.00, 485.00, 445.00, 497.00
176.00, 101.00, 26.00, 504.00, 465.00, 516.00
169.00, 77.00, 16.00, 539.00, 499.00, 549.00
174.00, 105.00, 25.00, 580.00, 540.00, 591.00
176.00, 158.00, 40.00, 607.00, 566.00, 619.00
201.00, 168.00, 40.00, 620.00, 579.00, 625.00
198.00, 154.00, 33.00, 626.00, 585.00, 630.00
199.00, 174.00, 24.00, 631.00, 588.00, 636.00
210.00, 197.00, 33.00, 632.00, 588.00, 634.00
226.00, 204.00, 39.00, 624.00, 580.00, 618.00
229.00, 194.00, 39.00, 608.00, 567.00, 599.00
224.00, 182.00, 33.00, 595.00, 556.00, 585.00
228.00, 174.00, 42.00, 586.00, 546.00, 574.00
243.00, 178.00, 51.00, 571.00, 530.00, 556.00
255.00, 175.00, 60.00, 547.00, 507.00, 531.00
265.00, 154.00, 66.00, 518.00, 481.00, 502.00
241.00, 140.00, 54.00, 494.00, 457.00, 483.00
256.00, 144.00, 56.00, 478.00, 442.00, 468.00
269.00, 141.00, 59.00, 467.00, 432.00, 454.00
276.00, 135.00, 64.00, 457.00, 423.00, 443.00
274.00, 141.00, 67.00, 442.00, 410.00, 432.00
288.00, 144.00, 80.00, 423.00, 392.00, 416.00
301.00, 132.00, 70.00, 406.00, 377.00, 401.00
305.00, 113.00, 67.00, 399.00, 373.00, 395.00
306.00, 112.00, 69.00, 404.00, 379.00, 401.00
304.00, 126.00, 80.00, 407.00, 381.00, 404.00
310.00, 134.00, 85.00, 396.00, 369.00, 393.00
318.00, 114.00, 76.00, 377.00, 349.00, 373.00
326.00, 86.00, 68.00, 363.00, 338.00, 360.00
323.00, 74.00, 74.00, 365.00, 340.00, 364.00
332.00, 102.00, 80.00, 374.00, 350.00, 375.00
346.00, 120.00, 89.00, 377.00, 354.00, 378.00
347.00, 103.00, 92.00, 376.00, 354.00, 375.00
331.00, 86.00, 86.00, 374.00, 351.00, 374.00
337.00, 104.00, 85.00, 366.00, 342.00, 365.00
347.00, 104.00, 85.00, 349.00, 325.00, 349.00
348.00, 92.00, 73.00, 334.00, 314.00, 338.00
347.00, 96.00, 73.00, 333.00, 316.00, 338.00
349.00, 107.00, 80.00, 336.00, 321.00, 341.00
356.00, 105.00, 78.00, 338.00, 326.00, 343.00
357.00, 97.00, 79.00, 341.00, 332.00, 347.00
354.00, 96.00, 95.00, 348.00, 342.00, 353.00
348.00, 99.00, 92.00, 353.00, 347.00, 358.00
355.00, 98.00, 90.00, 354.00, 348.00, 356.00
355.00, 85.00, 93.00, 352.00, 347.00, 352.00
354.00, 81.00, 89.00, 354.00, 349.00, 351.00
358.00, 85.00, 100.00, 356.00, 351.00, 351.00
359.00, 95.00, 106.00, 351.00, 346.00, 346.00
359.00, 98.00, 109.00, 336.00, 330.00, 329.00
361.00, 83.00, 107.00, 314.00, 307.00, 305.00
361.00, 66.00, 105.00, 295.00, 288.00, 284.00
360.00, 73.00, 106.00, 278.00, 270.00, 264.00
360.00, 72.00, 113.00, 255.00, 246.00, 239.00
364.00, 62.00, 109.00, 227.00, 218.00, 212.00
364.00, 55.00, 107.00, 201.00, 193.00, 187.00
365.00, 46.00, 106.00, 183.00, 176.00, 171.00
364.00, 53.00, 107.00, 171.00, 164.00, 160.00
365.00, 62.00, 112.00, 158.00, 152.00, 147.00
367.00, 58.00, 106.00, 141.00, 134.00, 130.00
367.00, 42.00, 103.00, 124.00, 118.00, 114.00
365.00, 41.00, 102.00, 114.00, 108.00, 104.00
368.00, 51.00, 106.00, 106.00, 100.00, 96.00
371.00, 48.00, 106.00, 97.00, 91.00, 86.00
363.00, 42.00, 102.00, 87.00, 81.00, 78.00
363.00, 44.00, 106.00, 77.00, 71.00, 68.00
366.00, 41.00, 104.00, 67.00, 61.00, 59.00
368.00, 40.00, 100.00, 60.00, 55.00, 53.00
366.00, 45.00, 101.00, 55.00, 50.00, 48.00
369.00, 48.00, 105.00, 49.00, 44.00, 42.00
373.00, 46.00, 102.00, 40.00, 36.00, 34.00
371.00, 41.00, 100.00, 32.00, 28.00, 26.00
370.00, 39.00, 100.00, 27.00, 23.00, 22.00
372.00, 47.00, 100.00, 24.00, 21.00, 20.00
369.00, 45.00, 100.00, 21.00, 18.00, 17.00
368.00, 44.00, 100.00, 18.00, 15.00, 14.00
370.00, 47.00, 104.00, 14.00, 12.00, 10.00
369.00, 41.00, 102.00, 10.00, 7.00, 6.00
-3.00, 13.00, 4.00, 3.00, 2.00, 3.00
-6.00, 19.00, 1.00, 1.00, -0.00, -0.00
-8.00, 30.00, 2.00, 1.00, -1.00, -2.00
-10.00, 49.00, 5.00, 1.00, -3.00, -6.00
-17.00, 64.00, 17.00, 6.00, -6.00, -12.00
-29.00, 87.00, 30.00, 8.00, -7.00, -17.00
-17.00, 114.00, 24.00, 13.00, -8.00, -25.00
-18.00, 128.00, 19.00, 26.00, -16.00, -39.00
-18.00, 123.00, 17.00, 41.00, -28.00, -58.00
-13.00, 123.00, 13.00, 56.00, -43.00, -79.00
-8.00, 133.00, 2.00, 78.00, -65.00, -107.00
-4.00, 138.00, 1.00, 113.00, -100.00, -148.00
-6.00, 117.00, 5.00, 153.00, -138.00, -191.00
-9.00, 110.00, 10.00, 185.00, -169.00, -225.00
-17.00, 121.00, 1.00, 214.00, -197.00, -256.00
-18.00, 129.00, 3.00, 247.00, -230.00, -292.00
-23.00, 123.00, 7.00, 285.00, -267.00, -331.00
-35.00, 120.00, 1.00, 325.00, -307.00, -369.00
-34.00, 119.00, 4.00, 361.00, -344.00, -407.00
-39.00, 120.00, 4.00, 398.00, -380.00, -443.00
-43.00, 120.00, 1.00, 436.00, -416.00, -479.00
-54.00, 100.00, 3.00, 473.00, -451.00, -513.00
-65.00, 95.00, 5.00, 503.00, -482.00, -541.00
-74.00, 92.00, 2.00, 532.00, -511.00, -569.00
-89.00, 80.00, 1.00, 563.00, -541.00, -596.00
-99.00, 74.00, 4.00, 590.00, -567.00, -618.00
-109.00, 68.00, 13.00, 611.00, -588.00, -635.00
-123.00, 62.00, 19.00, 627.00, -604.00, -649.00
-131.00, 65.00, 16.00, 642.00, -617.00, -660.00
-137.00, 59.00, 16.00, 656.00, -629.00, -669.00
-158.00, 50.00, 25.00, 664.00, -637.00, -674.00
-170.00, 49.00, 29.00, 668.00, -641.00, -674.00
-175.00, 53.00, 25.00, 672.00, -645.00, -675.00
-182.00, 46.00, 30.00, 676.00, -646.00, -675.00
-196.00, 31.00, 41.00, 672.00, -640.00, -667.00
-209.00, 35.00, 44.00, 660.00, -629.00, -653.00
-216.00, 43.00, 44.00, 647.00, -618.00, -639.00
-214.00, 41.00, 45.00, 639.00, -610.00, -630.00
-228.00, 29.00, 53.00, 631.00, -599.00, -618.00
-238.00, 26.00, 59.00, 613.00, -582.00, -599.00
-250.00, 34.00, 56.00, 589.00, -560.00, -576.00
-243.00, 47.00, 53.00, 570.00, -543.00, -558.00
-251.00, 40.00, 53.00, 559.00, -533.00, -551.00
-258.00, 25.00, 66.00, 554.00, -527.00, -546.00
-270.00, 21.00, 70.00, 546.00, -521.00, -538.00
-272.00, 21.00, 71.00, 536.00, -513.00, -529.00
-275.00, 29.00, 80.00, 528.00, -506.00, -520.00
-276.00, 19.00, 85.00, 518.00, -493.00, -510.00
-291.00, 12.00, 85.00, 501.00, -472.00, -491.00
-306.00, 15.00, 84.00, 477.00, -448.00, -467.00
-310.00, 17.00, 74.00, 456.00, -428.00, -445.00
-310.00, 14.00, 68.00, 442.00, -417.00, -432.00
-313.00, 3.00, 71.00, 435.00, -410.00, -424.00
-313.00, 3.00, 79.00, 428.00, -403.00, -417.00
-313.00, -3.00, 83.00, 417.00, -393.00, -407.00
-323.00, -4.00, 79.00, 405.00, -380.00, -396.00
-323.00, -8.00, 75.00, 394.00, -371.00, -386.00
-326.00, -13.00, 80.00, 387.00, -364.00, -380.00
-325.00, -20.00, 81.00, 382.00, -360.00, -376.00
-333.00, -30.00, 82.00, 377.00, -355.00, -371.00
-340.00, -37.00, 87.00, 368.00, -347.00, -363.00
-340.00, -37.00, 87.00, 357.00, -336.00, -351.00
-346.00, -34.00, 84.00, 347.00, -326.00, -341.00
-340.00, -34.00, 85.00, 338.00, -317.00, -332.00
-345.00, -48.00, 85.00, 326.00, -307.00, -321.00
-345.00, -50.00, 87.00, 315.00, -295.00, -308.00
-354.00, -52.00, 83.00, 304.00, -286.00, -298.00
-352.00, -54.00, 82.00, 294.00, -277.00, -289.00
-354.00, -62.00, 81.00, 286.00, -269.00, -281.00
-356.00, -66.00, 87.00, 277.00, -260.00, -272.00
-361.00, -68.00, 85.00, 267.00, -252.00, -263.00
-365.00, -66.00, 85.00, 262.00, -248.00, -257.00
-371.00, -68.00, 82.00, 260.00, -247.00, -255.00
-367.00, -79.00, 90.00, 255.00, -243.00, -250.00
-364.00, -89.00, 91.00, 248.00, -236.00, -243.00
-365.00, -88.00, 83.00, 238.00, -226.00, -233.00
-376.00, -95.00, 86.00, 228.00, -217.00, -223.00
-379.00, -95.00, 88.00, 224.00, -214.00, -215.00
-372.00, -103.00, 87.00, 217.00, -207.00, -209.00
-379.00, -113.00, 92.00, 207.00, -197.00, -196.00
-378.00, -107.00, 89.00, 192.00, -183.00, -180.00
-380.00, -104.00, 88.00, 178.00, -169.00, -166.00
-375.00, -105.00, 91.00, 164.00, -157.00, -151.00
-373.00, -106.00, 90.00, 147.00, -140.00, -136.00
-385.00, -107.00, 87.00, 129.00, -122.00, -117.00
-378.00, -97.00, 94.00, 111.00, -105.00, -98.00
-381.00, -96.00, 86.00, 95.00, -90.00, -84.00
-383.00, -95.00, 90.00, 81.00, -77.00, -71.00
-385.00, -91.00, 90.00, 68.00, -66.00, -58.00
-379.00, -85.00, 94.00, 56.00, -55.00, -47.00
-383.00, -83.00, 95.00, 45.00, -45.00, -37.00
-385.00, -80.00, 97.00, 36.00, -36.00, -29.00
-380.00, -77.00, 100.00, 28.00, -28.00, -21.00
-378.00, -76.00, 98.00, 21.00, -21.00, -14.00
-390.00, -73.00, 101.00, 13.00, -13.00, -7.00
-386.00, -68.00, 103.00, 8.00, -8.00, -2.00
-379.00, -66.00, 101.00, 5.00, -5.00, -0.00
-381.00, -73.00, 100.00, 3.00, -2.00, 2.00
-385.00, -72.00, 100.00, 1.00, 1.00, 6.00
-382.00, -70.00, 100.00, 4.00, 4.00, 8.00
8.00, -13.00, 1.00, 4.00, -4.00, -3.00
9.00, -21.00, 8.00, 5.00, -5.00, -3.00
10.00, -33.00, 12.00, 7.00, -8.00, -4.00
11.00, -44.00, 20.00, 8.00, -11.00, -4.00
34.00, -49.00, 20.00, 8.00, -14.00, -2.00
48.00, -58.00, 17.00, 5.00, -12.00, 0.00
26.00, -67.00, 17.00, 1.00, -5.00, 7.00
40.00, -60.00, 21.00, 12.00, 2.00, 22.00
54.00, -64.00, 28.00, 23.00, 11.00, 36.00
70.00, -71.00, 27.00, 34.00, 18.00, 46.00
60.00, -82.00, 19.00, 47.00, 29.00, 60.00
57.00, -62.00, 18.00, 70.00, 49.00, 85.00
57.00, -62.00, 18.00, 95.00, 73.00, 119.00
80.00, -32.00, 22.00, 125.00, 101.00, 148.00
100.00, -29.00, 11.00, 159.00, 136.00, 180.00
79.00, -33.00, 8.00, 203.00, 179.00, 225.00
67.00, -5.00, 7.00, 250.00, 224.00, 277.00
71.00, 28.00, 14.00, 291.00, 262.00, 318.00
97.00, 52.00, 14.00, 324.00, 293.00, 347.00
114.00, 55.00, 15.00, 355.00, 325.00, 376.00
98.00, 65.00, 2.00, 391.00, 359.00, 412.00
102.00, 106.00, 4.00, 424.00, 389.00, 443.00
127.00, 143.00, 9.00, 442.00, 406.00, 451.00
142.00, 132.00, 4.00, 450.00, 416.00, 455.00
137.00, 116.00, 2.00, 465.00, 433.00, 473.00
127.00, 129.00, 2.00, 485.00, 452.00, 494.00
136.00, 148.00, 9.00, 500.00, 465.00, 505.00
164.00, 163.00, 12.00, 505.00, 472.00, 506.00
168.00, 141.00, 15.00, 510.00, 480.00, 512.00
140.00, 145.00, 0.00, 523.00, 490.00, 526.00
167.00, 173.00, 14.00, 528.00, 496.00, 531.00
182.00, 185.00, 20.00, 526.00, 493.00, 523.00
187.00, 164.00, 18.00, 522.00, 491.00, 518.00
186.00, 160.00, 17.00, 523.00, 492.00, 517.00
184.00, 170.00, 30.00, 519.00, 488.00, 516.00
196.00, 186.00, 25.00, 510.00, 478.00, 504.00
210.00, 179.00, 31.00, 496.00, 466.00, 486.00
215.00, 161.00, 30.00, 486.00, 458.00, 476.00
206.00, 149.00, 34.00, 485.00, 456.00, 475.00
208.00, 165.00, 37.00, 481.00, 449.00, 471.00
225.00, 186.00, 50.00, 465.00, 433.00, 452.00
238.00, 172.00, 43.00, 444.00, 414.00, 429.00
241.00, 145.00, 33.00, 432.00, 405.00, 418.00
229.00, 139.00, 45.00, 428.00, 400.00, 418.00
239.00, 167.00, 61.00, 417.00, 389.00, 411.00
254.00, 177.00, 60.00, 397.00, 370.00, 390.00
269.00, 155.00, 51.00, 379.00, 354.00, 370.00
270.00, 125.00, 50.00, 377.00, 353.00, 370.00
268.00, 139.00, 64.00, 382.00, 359.00, 381.00
267.00, 170.00, 72.00, 378.00, 351.00, 377.00
282.00, 179.00, 65.00, 359.00, 331.00, 354.00
293.00, 151.00, 58.00, 338.00, 312.00, 330.00
294.00, 132.00, 56.00, 326.00, 302.00, 322.00
295.00, 130.00, 63.00, 323.00, 299.00, 323.00
304.00, 144.00, 73.00, 324.00, 298.00, 324.00
305.00, 156.00, 69.00, 321.00, 295.00, 321.00
315.00, 151.00, 67.00, 309.00, 284.00, 302.00
319.00, 124.00, 61.00, 294.00, 272.00, 288.00
315.00, 115.00, 63.00, 291.00, 270.00, 292.00
319.00, 141.00, 76.00, 295.00, 274.00, 297.00
329.00, 145.00, 80.00, 290.00, 267.00, 291.00
333.00, 127.00, 73.00, 277.00, 255.00, 278.00
334.00, 110.00, 64.00, 268.00, 246.00, 267.00
341.00, 107.00, 73.00, 263.00, 243.00, 264.00
335.00, 115.00, 78.00, 260.00, 241.00, 265.00
337.00, 123.00, 73.00, 256.00, 235.00, 262.00
345.00, 120.00, 65.00, 250.00, 229.00, 253.00
348.00, 112.00, 60.00, 244.00, 224.00, 245.00
356.00, 126.00, 65.00, 240.00, 220.00, 240.00
363.00, 134.00, 69.00, 231.00, 213.00, 234.00
370.00, 124.00, 67.00, 219.00, 203.00, 225.00
370.00, 111.00, 64.00, 215.00, 203.00, 223.00
370.00, 105.00, 67.00, 224.00, 214.00, 232.00
367.00, 117.00, 77.00, 239.00, 229.00, 244.00
366.00, 122.00, 93.00, 244.00, 233.00, 248.00
366.00, 118.00, 86.00, 239.00, 226.00, 241.00
371.00, 104.00, 82.00, 227.00, 214.00, 227.00
366.00, 94.00, 79.00, 215.00, 203.00, 213.00
374.00, 97.00, 81.00, 205.00, 192.00, 203.00
379.00, 103.00, 84.00, 194.00, 183.00, 193.00
374.00, 93.00, 78.00, 185.00, 176.00, 185.00
374.00, 91.00, 74.00, 184.00, 177.00, 183.00
374.00, 89.00, 79.00, 189.00, 184.00, 187.00
373.00, 96.00, 87.00, 196.00, 191.00, 193.00
377.00, 98.00, 92.00, 198.00, 192.00, 194.00
378.00, 100.00, 90.00, 194.00, 189.00, 190.00
379.00, 92.00, 88.00, 185.00, 179.00, 179.00
376.00, 85.00, 84.00, 177.00, 173.00, 171.00
382.00, 90.00, 84.00, 176.00, 172.00, 168.00
380.00, 95.00, 91.00, 177.00, 174.00, 168.00
376.00, 102.00, 90.00, 176.00, 173.00, 167.00
376.00, 97.00, 91.00, 170.00, 167.00, 160.00
377.00, 91.00, 92.00, 162.00, 160.00, 150.00
382.00, 82.00, 93.00, 156.00, 155.00, 143.00
374.00, 86.00, 95.00, 154.00, 153.00, 139.00
376.00, 91.00, 104.00, 150.00, 148.00, 133.00
376.00, 90.00, 103.00, 137.00, 133.00, 118.00
375.00, 75.00, 99.00, 116.00, 112.00, 97.00
379.00, 62.00, 95.00, 97.00, 94.00, 80.00
376.00, 63.00, 98.00, 88.00, 86.00, 73.00
-9.00, 11.00, 8.00, 34.00, -33.00, -30.00
-13.00, 29.00, 8.00, 34.00, -34.00, -31.00
-16.00, 61.00, 3.00, 36.00, -37.00, -38.00
-20.00, 91.00, 7.00, 46.00, -47.00, -54.00
-26.00, 111.00, 11.00, 65.00, -64.00, -75.00
-27.00, 121.00, 21.00, 84.00, -81.00, -97.00
-20.00, 126.00, 13.00, 101.00, -94.00, -118.00
-14.00, 136.00, 14.00, 119.00, -109.00, -141.00
-11.00, 142.00, 9.00, 144.00, -132.00, -170.00
-13.00, 137.00, 8.00, 176.00, -162.00, -202.00
-13.00, 135.00, 4.00, 207.00, -191.00, -234.00
-10.00, 136.00, 3.00, 238.00, -220.00, -268.00
-12.00, 134.00, 2.00, 271.00, -252.00, -305.00
-13.00, 126.00, 0.00, 308.00, -288.00, -342.00
-19.00, 120.00, 0.00, 345.00, -325.00, -380.00
-22.00, 113.00, 2.00, 382.00, -362.00, -419.00
-27.00, 110.00, 8.00, 422.00, -403.00, -459.00
-28.00, 115.00, 5.00, 467.00, -446.00, -502.00
-37.00, 88.00, 2.00, 507.00, -484.00, -540.00
-49.00, 76.00, 8.00, 534.00, -510.00, -565.00
-64.00, 76.00, 7.00, 552.00, -528.00, -581.00
-71.00, 83.00, 3.00, 571.00, -547.00, -598.00
-80.00, 76.00, 3.00, 595.00, -570.00, -620.00
-91.00, 62.00, 10.00, 617.00, -591.00, -639.00
-105.00, 45.00, 14.00, 631.00, -602.00, -647.00
-117.00, 41.00, 12.00, 635.00, -607.00, -646.00
-128.00, 45.00, 10.00, 635.00, -607.00, -642.00
-141.00, 48.00, 5.00, 634.00, -606.00, -640.00
-147.00, 51.00, 9.00, 644.00, -617.00, -646.00
-160.00, 40.00, 18.00, 655.00, -630.00, -655.00
-167.00, 44.00, 28.00, 664.00, -640.00, -662.00
-172.00, 41.00, 29.00, 669.00, -642.00, -663.00
-188.00, 36.00, 38.00, 668.00, -640.00, -660.00
-200.00, 50.00, 39.00, 660.00, -631.00, -648.00
-205.00, 56.00, 40.00, 651.00, -623.00, -639.00
-204.00, 48.00, 47.00, 649.00, -622.00, -636.00
-210.00, 42.00, 59.00, 646.00, -616.00, -632.00
-223.00, 34.00, 61.00, 635.00, -604.00, -620.00
-234.00, 39.00, 58.00, 618.00, -586.00, -602.00
-236.00, 41.00, 56.00, 600.00, -569.00, -583.00
-240.00, 32.00, 58.00, 586.00, -555.00, -569.00
-246.00, 18.00, 69.00, 573.00, -542.00, -557.00
-249.00, 23.00, 70.00, 555.00, -524.00, -539.00
-261.00, 22.00, 64.00, 533.00, -502.00, -519.00
-266.00, 24.00, 65.00, 512.00, -482.00, -499.00
-272.00, 21.00, 69.00, 496.00, -469.00, -485.00
-265.00, 15.00, 74.00, 488.00, -462.00, -477.00
-274.00, 2.00, 78.00, 481.00, -454.00, -470.00
-285.00, -7.00, 84.00, 469.00, -442.00, -459.00
-296.00, -6.00, 79.00, 452.00, -425.00, -441.00
-293.00, 5.00, 70.00, 436.00, -409.00, -423.00
-300.00, -5.00, 74.00, 425.00, -399.00, -411.00
-303.00, -15.00, 87.00, 413.00, -388.00, -400.00
-312.00, -11.00, 86.00, 392.00, -367.00, -380.00
-317.00, 4.00, 72.00, 368.00, -342.00, -355.00
-317.00, 4.00, 72.00, 349.00, -324.00, -337.00
-317.00, -11.00, 77.00, 337.00, -314.00, -327.00
-317.00, -11.00, 77.00, 329.00, -308.00, -321.00
-321.00, -14.00, 80.00, 320.00, -301.00, -315.00
-323.00, -22.00, 83.00, 311.00, -292.00, -305.00
-330.00, -12.00, 83.00, 305.00, -286.00, -298.00
-331.00, -17.00, 74.00, 303.00, -285.00, -297.00
-327.00, -30.00, 82.00, 301.00, -283.00, -296.00
-334.00, -36.00, 83.00, 295.00, -278.00, -290.00
-333.00, -32.00, 82.00, 289.00, -274.00, -284.00
-340.00, -28.00, 81.00, 287.00, -273.00, -283.00
-337.00, -30.00, 86.00, 289.00, -275.00, -286.00
-346.00, -40.00, 93.00, 289.00, -273.00, -285.00
-343.00, -45.00, 91.00, 286.00, -270.00, -282.00
-355.00, -49.00, 86.00, 282.00, -267.00, -279.00
-349.00, -58.00, 85.00, 279.00, -263.00, -273.00
-357.00, -60.00, 84.00, 277.00, -262.00, -269.00
-354.00, -65.00, 81.00, 277.00, -262.00, -267.00
-355.00, -76.00, 84.00, 275.00, -260.00, -265.00
-359.00, -89.00, 84.00, 271.00, -256.00, -259.00
-363.00, -90.00, 79.00, 266.00, -252.00, -251.00
-357.00, -93.00, 79.00, 260.00, -248.00, -244.00
-358.00, -96.00, 80.00, 253.00, -241.00, -237.00
-363.00, -95.00, 84.00, 245.00, -233.00, -227.00
-368.00, -101.00, 85.00, 234.00, -222.00, -214.00
-359.00, -93.00, 86.00, 220.00, -209.00, -199.00
-365.00, -91.00, 87.00, 203.00, -192.00, -183.00
-366.00, -94.00, 87.00, 185.00, -174.00, -163.00
-372.00, -87.00, 89.00, 163.00, -153.00, -141.00
-370.00, -76.00, 86.00, 143.00, -134.00, -122.00
-366.00, -77.00, 87.00, 124.00, -116.00, -105.00
-373.00, -79.00, 87.00, 105.00, -98.00, -88.00
-375.00, -71.00, 88.00, 87.00, -81.00, -70.00
-372.00, -63.00, 90.00, 72.00, -67.00, -56.00
-377.00, -56.00, 90.00, 62.00, -58.00, -47.00
-371.00, -57.00, 88.00, 56.00, -53.00, -42.00
-365.00, -59.00, 99.00, 49.00, -46.00, -37.00
-369.00, -57.00, 97.00, 40.00, -35.00, -29.00
-374.00, -54.00, 93.00, 30.00, -26.00, -20.00
-372.00, -52.00, 93.00, 25.00, -22.00, -16.00
-371.00, -50.00, 89.00, 23.00, -21.00, -15.00
-372.00, -55.00, 90.00, 23.00, -21.00, -15.00
-373.00, -58.00, 91.00, 21.00, -19.00, -14.00
-369.00, -50.00, 96.00, 18.00, -17.00, -12.00
-370.00, -47.00, 89.00, 18.00, -16.00, -12.00
6.00, -14.00, 8.00, 6.00, 6.00, 9.00
17.00, -29.00, 8.00, 0.00, -0.00, 5.00
27.00, -57.00, 18.00, 2.00, -1.00, 4.00
35.00, -77.00, 22.00, 1.00, 2.00, 11.00
26.00, -91.00, 20.00, 13.00, 14.00, 28.00
20.00, -70.00, 28.00, 31.00, 29.00, 51.00
36.00, -58.00, 32.00, 45.00, 41.00, 69.00
62.00, -63.00, 17.00, 59.00, 52.00, 83.00
69.00, -73.00, 14.00, 81.00, 73.00, 102.00
69.00, -73.00, 14.00, 108.00, 99.00, 131.00
42.00, -23.00, 28.00, 147.00, 136.00, 176.00
42.00, -23.00, 28.00, 186.00, 172.00, 214.00
61.00, 3.00, 33.00, 209.00, 190.00, 232.00
99.00, -10.00, 18.00, 227.00, 207.00, 245.00
91.00, -22.00, 12.00, 258.00, 239.00, 275.00
73.00, -5.00, 19.00, 297.00, 275.00, 322.00
77.00, 39.00, 32.00, 336.00, 310.00, 359.00
114.00, 54.00, 45.00, 355.00, 327.00, 371.00
121.00, 34.00, 30.00, 370.00, 343.00, 386.00
96.00, 39.00, 19.00, 399.00, 371.00, 422.00
118.00, 93.00, 35.00, 428.00, 398.00, 450.00
130.00, 109.00, 29.00, 453.00, 422.00, 472.00
131.00, 117.00, 18.00, 474.00, 445.00, 493.00
116.00, 123.00, 15.00, 498.00, 468.00, 515.00
146.00, 146.00, 17.00, 518.00, 484.00, 529.00
164.00, 159.00, 12.00, 530.00, 496.00, 533.00
150.00, 157.00, 16.00, 533.00, 500.00, 534.00
159.00, 157.00, 15.00, 533.00, 501.00, 533.00
167.00, 163.00, 9.00, 532.00, 498.00, 529.00
180.00, 165.00, 24.00, 525.00, 493.00, 519.00
178.00, 150.00, 25.00, 515.00, 485.00, 510.00
169.00, 144.00, 19.00, 509.00, 479.00, 504.00
181.00, 163.00, 24.00, 501.00, 471.00, 496.00
198.00, 162.00, 26.00, 489.00, 461.00, 482.00
203.00, 140.00, 25.00, 480.00, 454.00, 472.00
196.00, 135.00, 40.00, 475.00, 452.00, 471.00
194.00, 156.00, 48.00, 469.00, 445.00, 470.00
213.00, 165.00, 38.00, 458.00, 433.00, 455.00
223.00, 144.00, 42.00, 445.00, 421.00, 436.00
222.00, 130.00, 47.00, 435.00, 414.00, 428.00
222.00, 134.00, 50.00, 430.00, 408.00, 427.00
237.00, 154.00, 64.00, 420.00, 396.00, 418.00
245.00, 140.00, 63.00, 401.00, 378.00, 396.00
242.00, 122.00, 58.00, 381.00, 358.00, 376.00
249.00, 115.00, 54.00, 367.00, 343.00, 365.00
252.00, 125.00, 60.00, 358.00, 335.00, 359.00
265.00, 135.00, 66.00, 347.00, 323.00, 346.00
280.00, 125.00, 57.00, 333.00, 309.00, 332.00
288.00, 113.00, 59.00, 323.00, 303.00, 326.00
293.00, 126.00, 69.00, 322.00, 305.00, 333.00
285.00, 138.00, 67.00, 327.00, 312.00, 344.00
286.00, 152.00, 66.00, 336.00, 319.00, 348.00
299.00, 140.00, 64.00, 339.00, 321.00, 343.00
299.00, 125.00, 64.00, 341.00, 323.00, 341.00
295.00, 125.00, 78.00, 340.00, 321.00, 339.00
294.00, 128.00, 78.00, 332.00, 310.00, 331.00
305.00, 118.00, 67.00, 321.00, 296.00, 315.00
314.00, 107.00, 67.00, 308.00, 284.00, 299.00
316.00, 95.00, 66.00, 295.00, 273.00, 287.00
321.00, 89.00, 66.00, 286.00, 264.00, 281.00
333.00, 95.00, 71.00, 277.00, 259.00, 279.00
338.00, 88.00, 64.00, 276.00, 259.00, 282.00
344.00, 82.00, 64.00, 287.00, 270.00, 291.00
346.00, 96.00, 73.00, 299.00, 283.00, 301.00
351.00, 106.00, 85.00, 302.00, 288.00, 308.00
352.00, 94.00, 81.00, 302.00, 289.00, 314.00
355.00, 91.00, 78.00, 311.00, 298.00, 325.00
364.00, 93.00, 88.00, 326.00, 312.00, 336.00
357.00, 101.00, 91.00, 335.00, 320.00, 342.00
357.00, 111.00, 94.00, 331.00, 315.00, 339.00
360.00, 106.00, 88.00, 319.00, 305.00, 331.00
358.00, 90.00, 79.00, 317.00, 306.00, 331.00
362.00, 96.00, 84.00, 328.00, 318.00, 339.00
358.00, 103.00, 92.00, 339.00, 329.00, 344.00
358.00, 109.00, 96.00, 337.00, 326.00, 340.00
363.00, 107.00, 94.00, 321.00, 310.00, 324.00
371.00, 92.00, 83.00, 304.00, 294.00, 307.00
375.00, 86.00, 80.00, 298.00, 291.00, 300.00
372.00, 89.00, 88.00, 301.00, 296.00, 300.00
369.00, 92.00, 93.00, 301.00, 295.00, 297.00
375.00, 90.00, 95.00, 292.00, 284.00, 283.00
377.00, 84.00, 99.00, 271.00, 261.00, 261.00
382.00, 73.00, 92.00, 244.00, 234.00, 234.00
382.00, 61.00, 89.00, 217.00, 209.00, 209.00
380.00, 57.00, 88.00, 196.00, 190.00, 189.00
381.00, 57.00, 88.00, 181.00, 175.00, 174.00
381.00, 60.00, 93.00, 167.00, 163.00, 161.00
381.00, 58.00, 96.00, 154.00, 150.00, 147.00
382.00, 53.00, 92.00, 142.00, 139.00, 136.00
382.00, 54.00, 94.00, 132.00, 130.00, 126.00
382.00, 53.00, 94.00, 125.00, 122.00, 117.00
384.00, 52.00, 101.00, 117.00, 115.00, 109.00
380.00, 54.00, 102.00, 108.00, 106.00, 100.00
381.00, 47.00, 97.00, 96.00, 94.00, 87.00
379.00, 41.00, 93.00, 86.00, 83.00, 78.00
382.00, 40.00, 92.00, 79.00, 78.00, 72.00
381.00, 40.00, 95.00, 77.00, 76.00, 70.00
380.00, 45.00, 95.00, 75.00, 75.00, 69.00
382.00, 41.00, 99.00, 71.00, 70.00, 65.00
382.00, 42.00, 98.00, 66.00, 63.00, 59.00 
-6.00, 16.00, 5.00, 16.00, -15.00, -15.00
-11.00, 26.00, 1.00, 16.00, -15.00, -15.00
-17.00, 46.00, 3.00, 15.00, -14.00, -15.00
-26.00, 69.00, 6.00, 16.00, -15.00, -18.00
-24.00, 90.00, 6.00, 20.00, -17.00, -24.00
-22.00, 103.00, 9.00, 25.00, -19.00, -33.00
-26.00, 114.00, 8.00, 26.00, -18.00, -39.00
-26.00, 134.00, 4.00, 25.00, -16.00, -45.00
-24.00, 160.00, 10.00, 32.00, -24.00, -60.00
-14.00, 176.00, 21.00, 59.00, -50.00, -94.00
-8.00, 149.00, 11.00, 102.00, -92.00, -143.00
-9.00, 124.00, 1.00, 144.00, -132.00, -189.00
-5.00, 127.00, 11.00, 181.00, -169.00, -230.00
-3.00, 135.00, 13.00, 222.00, -211.00, -273.00
-1.00, 119.00, 8.00, 270.00, -258.00, -323.00
-9.00, 106.00, 3.00, 318.00, -304.00, -370.00
-15.00, 99.00, 3.00, 362.00, -347.00, -412.00
-22.00, 96.00, 1.00, 401.00, -384.00, -447.00
-28.00, 98.00, 4.00, 436.00, -419.00, -480.00
-33.00, 85.00, 2.00, 471.00, -453.00, -514.00
-47.00, 74.00, 3.00, 503.00, -484.00, -543.00
-56.00, 69.00, 4.00, 529.00, -511.00, -565.00
-68.00, 61.00, 2.00, 549.00, -529.00, -581.00
-88.00, 57.00, 1.00, 558.00, -539.00, -589.00
-107.00, 74.00, 1.00, 564.00, -547.00, -593.00
-111.00, 81.00, 6.00, 576.00, -559.00, -602.00
-120.00, 74.00, 5.00, 594.00, -574.00, -614.00
-135.00, 66.00, 7.00, 608.00, -586.00, -621.00
-141.00, 64.00, 10.00, 610.00, -586.00, -618.00
-149.00, 76.00, 3.00, 604.00, -577.00, -608.00
-162.00, 82.00, 0.00, 596.00, -570.00, -598.00
-173.00, 82.00, 3.00, 593.00, -568.00, -594.00
-179.00, 78.00, 11.00, 594.00, -570.00, -594.00
-184.00, 74.00, 14.00, 593.00, -569.00, -592.00
-193.00, 82.00, 15.00, 587.00, -563.00, -585.00
-200.00, 86.00, 13.00, 581.00, -557.00, -579.00
-206.00, 82.00, 14.00, 579.00, -555.00, -576.00
-208.00, 76.00, 25.00, 578.00, -554.00, -574.00
-216.00, 74.00, 27.00, 573.00, -551.00, -571.00
-228.00, 72.00, 30.00, 567.00, -545.00, -565.00
-229.00, 78.00, 28.00, 561.00, -539.00, -558.00
-234.00, 68.00, 33.00, 560.00, -539.00, -557.00
-236.00, 53.00, 45.00, 557.00, -536.00, -554.00
-247.00, 54.00, 49.00, 547.00, -525.00, -544.00
-257.00, 59.00, 44.00, 533.00, -510.00, -528.00
-265.00, 61.00, 45.00, 518.00, -496.00, -513.00
-274.00, 69.00, 48.00, 506.00, -485.00, -501.00
-275.00, 75.00, 56.00, 502.00, -482.00, -496.00
-279.00, 60.00, 64.00, 501.00, -480.00, -497.00
-285.00, 54.00, 67.00, 497.00, -474.00, -491.00
-291.00, 66.00, 65.00, 486.00, -462.00, -480.00
-293.00, 69.00, 56.00, 477.00, -453.00, -471.00
-300.00, 63.00, 55.00, 476.00, -452.00, -471.00
-304.00, 50.00, 59.00, 480.00, -457.00, -475.00
-305.00, 40.00, 66.00, 484.00, -461.00, -479.00
-305.00, 36.00, 69.00, 483.00, -460.00, -479.00
-309.00, 36.00, 69.00, 479.00, -454.00, -475.00
-319.00, 27.00, 67.00, 475.00, -449.00, -470.00
-323.00, 19.00, 67.00, 471.00, -445.00, -466.00
-323.00, 19.00, 67.00, 470.00, -445.00, -465.00
-322.00, -8.00, 76.00, 470.00, -445.00, -466.00
-322.00, -8.00, 76.00, 464.00, -439.00, -459.00
-329.00, -19.00, 81.00, 453.00, -428.00, -447.00
-337.00, -15.00, 76.00, 442.00, -418.00, -436.00
-336.00, -18.00, 80.00, 434.00, -409.00, -428.00
-332.00, -33.00, 84.00, 420.00, -393.00, -413.00
-351.00, -41.00, 84.00, 399.00, -371.00, -389.00
-353.00, -37.00, 80.00, 375.00, -347.00, -363.00
-356.00, -38.00, 73.00, 352.00, -326.00, -340.00
-359.00, -45.00, 75.00, 330.00, -304.00, -318.00
-367.00, -47.00, 70.00, 308.00, -285.00, -297.00
-369.00, -42.00, 66.00, 290.00, -270.00, -279.00
-369.00, -44.00, 66.00, 277.00, -259.00, -267.00
-371.00, -50.00, 68.00, 266.00, -249.00, -258.00
-373.00, -49.00, 74.00, 257.00, -241.00, -249.00
-364.00, -53.00, 75.00, 247.00, -231.00, -240.00
-374.00, -59.00, 75.00, 237.00, -222.00, -230.00
-382.00, -62.00, 75.00, 231.00, -217.00, -224.00
-380.00, -63.00, 81.00, 226.00, -215.00, -220.00
-379.00, -72.00, 80.00, 220.00, -208.00, -213.00
-382.00, -76.00, 83.00, 209.00, -197.00, -200.00
-385.00, -76.00, 81.00, 195.00, -183.00, -183.00
-380.00, -71.00, 79.00, 181.00, -170.00, -169.00
-387.00, -72.00, 75.00, 169.00, -159.00, -157.00
-392.00, -71.00, 74.00, 160.00, -151.00, -147.00
-387.00, -63.00, 83.00, 151.00, -144.00, -139.00
-381.00, -60.00, 84.00, 143.00, -134.00, -131.00
-392.00, -67.00, 83.00, 130.00, -121.00, -118.00
-397.00, -64.00, 85.00, 114.00, -107.00, -102.00
-393.00, -50.00, 80.00, 102.00, -95.00, -91.00
-392.00, -49.00, 75.00, 95.00, -89.00, -85.00
-395.00, -57.00, 80.00, 91.00, -87.00, -82.00
-387.00, -57.00, 84.00, 85.00, -81.00, -78.00
-386.00, -56.00, 88.00, 78.00, -73.00, -71.00
-398.00, -52.00, 83.00, 70.00, -65.00, -64.00
-398.00, -52.00, 82.00, 65.00, -61.00, -58.00
-392.00, -54.00, 83.00, 62.00, -59.00, -56.00
-391.00, -56.00, 84.00, 58.00, -55.00, -54.00
-397.00, -55.00, 87.00, 54.00, -51.00, -49.00
-398.00, -52.00, 87.00, 49.00, -46.00, -45.00
7.00, -16.00, 1.00, 14.00, 12.00, 15.00
13.00, -24.00, 0.00, 11.00, 11.00, 13.00
10.00, -28.00, 5.00, 15.00, 14.00, 18.00
17.00, -32.00, 12.00, 19.00, 18.00, 24.00
24.00, -44.00, 13.00, 22.00, 21.00, 29.00
18.00, -64.00, 21.00, 24.00, 23.00, 33.00
14.00, -74.00, 24.00, 28.00, 26.00, 41.00
30.00, -72.00, 21.00, 36.00, 32.00, 54.00
49.00, -66.00, 18.00, 48.00, 42.00, 70.00
52.00, -71.00, 17.00, 64.00, 56.00, 86.00
45.00, -70.00, 15.00, 87.00, 78.00, 108.00
45.00, -70.00, 15.00, 118.00, 106.00, 143.00
75.00, -26.00, 19.00, 148.00, 133.00, 176.00
75.00, -26.00, 19.00, 176.00, 157.00, 200.00
92.00, -33.00, 19.00, 206.00, 187.00, 228.00
68.00, -26.00, 10.00, 242.00, 221.00, 268.00
76.00, -2.00, 13.00, 281.00, 257.00, 309.00
84.00, 30.00, 17.00, 315.00, 288.00, 342.00
88.00, 46.00, 13.00, 343.00, 315.00, 366.00
83.00, 49.00, 3.00, 370.00, 341.00, 391.00
83.00, 76.00, 3.00, 393.00, 361.00, 414.00
100.00, 101.00, 2.00, 409.00, 374.00, 426.00
127.00, 106.00, 2.00, 418.00, 386.00, 431.00
123.00, 109.00, 2.00, 426.00, 396.00, 436.00
117.00, 97.00, 1.00, 440.00, 410.00, 451.00
114.00, 117.00, 8.00, 456.00, 423.00, 470.00
139.00, 144.00, 5.00, 466.00, 433.00, 476.00
157.00, 140.00, 12.00, 471.00, 439.00, 474.00
136.00, 136.00, 1.00, 474.00, 442.00, 477.00
138.00, 145.00, 13.00, 474.00, 441.00, 479.00
152.00, 161.00, 7.00, 467.00, 433.00, 471.00
169.00, 158.00, 3.00, 461.00, 430.00, 461.00
171.00, 150.00, 3.00, 466.00, 436.00, 465.00
168.00, 155.00, 10.00, 478.00, 449.00, 478.00
161.00, 182.00, 16.00, 484.00, 454.00, 482.00
181.00, 195.00, 28.00, 474.00, 443.00, 468.00
192.00, 175.00, 21.00, 457.00, 427.00, 446.00
199.00, 144.00, 6.00, 451.00, 423.00, 441.00
209.00, 152.00, 26.00, 454.00, 427.00, 444.00
198.00, 163.00, 39.00, 450.00, 421.00, 442.00
205.00, 162.00, 45.00, 434.00, 402.00, 423.00
217.00, 148.00, 33.00, 411.00, 381.00, 399.00
223.00, 123.00, 22.00, 400.00, 373.00, 391.00
224.00, 122.00, 35.00, 403.00, 377.00, 399.00
233.00, 145.00, 53.00, 407.00, 380.00, 406.00
242.00, 154.00, 49.00, 404.00, 374.00, 397.00
257.00, 133.00, 52.00, 393.00, 362.00, 381.00
257.00, 113.00, 50.00, 384.00, 356.00, 375.00
252.00, 109.00, 57.00, 385.00, 356.00, 382.00
263.00, 137.00, 67.00, 385.00, 354.00, 386.00
277.00, 142.00, 61.00, 380.00, 349.00, 381.00
289.00, 130.00, 46.00, 381.00, 352.00, 380.00
293.00, 118.00, 51.00, 393.00, 368.00, 396.00
283.00, 140.00, 54.00, 413.00, 389.00, 421.00
294.00, 157.00, 63.00, 428.00, 404.00, 437.00
309.00, 160.00, 64.00, 431.00, 408.00, 440.00
320.00, 148.00, 61.00, 434.00, 411.00, 443.00
323.00, 139.00, 59.00, 446.00, 423.00, 453.00
325.00, 145.00, 71.00, 459.00, 436.00, 466.00
318.00, 172.00, 73.00, 459.00, 434.00, 467.00
337.00, 168.00, 62.00, 444.00, 421.00, 452.00
349.00, 138.00, 56.00, 434.00, 414.00, 441.00
355.00, 111.00, 54.00, 440.00, 423.00, 448.00
351.00, 120.00, 73.00, 453.00, 438.00, 464.00
348.00, 141.00, 79.00, 456.00, 439.00, 470.00
359.00, 135.00, 74.00, 450.00, 434.00, 465.00
366.00, 108.00, 64.00, 449.00, 438.00, 466.00
360.00, 111.00, 63.00, 462.00, 453.00, 481.00
365.00, 120.00, 77.00, 476.00, 468.00, 493.00
369.00, 123.00, 85.00, 481.00, 470.00, 495.00
371.00, 117.00, 92.00, 474.00, 458.00, 482.00
378.00, 120.00, 92.00, 453.00, 434.00, 454.00
385.00, 107.00, 85.00, 422.00, 399.00, 418.00
388.00, 90.00, 78.00, 391.00, 368.00, 385.00
388.00, 97.00, 76.00, 366.00, 342.00, 359.00
392.00, 102.00, 77.00, 340.00, 317.00, 332.00
388.00, 94.00, 72.00, 312.00, 291.00, 305.00
389.00, 84.00, 65.00, 287.00, 268.00, 282.00
392.00, 83.00, 66.00, 270.00, 253.00, 267.00
394.00, 81.00, 75.00, 257.00, 243.00, 256.00
392.00, 85.00, 71.00, 248.00, 235.00, 248.00
395.00, 85.00, 64.00, 243.00, 232.00, 243.00
395.00, 85.00, 69.00, 243.00, 233.00, 241.00
396.00, 88.00, 78.00, 242.00, 232.00, 238.00
401.00, 88.00, 86.00, 237.00, 229.00, 232.00
398.00, 79.00, 83.00, 232.00, 225.00, 226.00
392.00, 63.00, 81.00, 231.00, 225.00, 223.00
389.00, 65.00, 79.00, 234.00, 227.00, 225.00
395.00, 77.00, 84.00, 234.00, 225.00, 222.00
399.00, 75.00, 98.00, 222.00, 212.00, 208.00
399.00, 74.00, 91.00, 204.00, 196.00, 191.00
395.00, 57.00, 80.00, 183.00, 175.00, 171.00
397.00, 51.00, 81.00, 165.00, 158.00, 154.00
402.00, 56.00, 85.00, 152.00, 145.00, 141.00
400.00, 57.00, 85.00, 139.00, 134.00, 129.00
400.00, 53.00, 84.00, 128.00, 124.00, 119.00
401.00, 50.00, 82.00, 119.00, 115.00, 111.00
402.00, 48.00, 85.00, 112.00, 108.00, 104.00
402.00, 52.00, 88.00, 105.00, 102.00, 97.00
400.00, 52.00, 86.00, 97.00, 94.00, 90.00
-9.00, 19.00, 5.00, 29.00, -29.00, -29.00
-20.00, 35.00, 2.00, 35.00, -37.00, -36.00
-17.00, 60.00, 7.00, 44.00, -47.00, -49.00
-18.00, 79.00, 23.00, 52.00, -54.00, -61.00
-22.00, 109.00, 25.00, 60.00, -57.00, -69.00
-16.00, 149.00, 25.00, 70.00, -64.00, -79.00
-13.00, 162.00, 24.00, 85.00, -75.00, -98.00
-17.00, 161.00, 18.00, 102.00, -90.00, -123.00
-9.00, 165.00, 20.00, 122.00, -108.00, -151.00
0.00, 176.00, 13.00, 146.00, -132.00, -183.00
1.00, 174.00, 7.00, 177.00, -160.00, -220.00
-1.00, 169.00, 5.00, 212.00, -192.00, -258.00
5.00, 166.00, 1.00, 248.00, -227.00, -298.00
-1.00, 153.00, 6.00, 286.00, -263.00, -340.00
-2.00, 141.00, 13.00, 326.00, -305.00, -384.00
-6.00, 132.00, 18.00, 372.00, -352.00, -432.00
-16.00, 121.00, 17.00, 423.00, -402.00, -480.00
-22.00, 107.00, 7.00, 471.00, -449.00, -526.00
-34.00, 95.00, 6.00, 514.00, -489.00, -564.00
-47.00, 91.00, 14.00, 550.00, -525.00, -596.00
-59.00, 91.00, 9.00, 585.00, -560.00, -625.00
-65.00, 86.00, 14.00, 619.00, -594.00, -655.00
-77.00, 77.00, 13.00, 652.00, -625.00, -683.00
-88.00, 63.00, 13.00, 676.00, -649.00, -703.00
-107.00, 53.00, 11.00, 686.00, -658.00, -712.00
-134.00, 59.00, 12.00, 688.00, -662.00, -712.00
-147.00, 77.00, 8.00, 691.00, -668.00, -715.00
-160.00, 75.00, 1.00, 704.00, -682.00, -726.00
-171.00, 67.00, 7.00, 719.00, -696.00, -737.00
-191.00, 70.00, 13.00, 727.00, -702.00, -739.00
-208.00, 70.00, 21.00, 726.00, -701.00, -733.00
-211.00, 82.00, 24.00, 723.00, -698.00, -724.00
-218.00, 79.00, 22.00, 724.00, -698.00, -721.00
-223.00, 73.00, 29.00, 724.00, -697.00, -718.00
-230.00, 77.00, 41.00, 718.00, -689.00, -709.00
-238.00, 76.00, 38.00, 706.00, -677.00, -696.00
-245.00, 77.00, 35.00, 694.00, -665.00, -682.00
-248.00, 71.00, 42.00, 681.00, -652.00, -669.00
-263.00, 71.00, 46.00, 666.00, -638.00, -657.00
-269.00, 71.00, 50.00, 658.00, -631.00, -649.00
-267.00, 61.00, 57.00, 652.00, -626.00, -644.00
-273.00, 60.00, 58.00, 645.00, -620.00, -639.00
-283.00, 63.00, 62.00, 640.00, -616.00, -635.00
-284.00, 60.00, 64.00, 640.00, -617.00, -636.00
-284.00, 43.00, 69.00, 643.00, -619.00, -638.00
-298.00, 34.00, 70.00, 642.00, -615.00, -634.00
-313.00, 32.00, 73.00, 636.00, -608.00, -624.00
-312.00, 31.00, 76.00, 629.00, -600.00, -615.00
-318.00, 25.00, 80.00, 622.00, -592.00, -605.00
-322.00, 14.00, 83.00, 612.00, -581.00, -593.00
-329.00, 12.00, 84.00, 598.00, -565.00, -576.00
-327.00, 13.00, 85.00, 579.00, -547.00, -558.00
-332.00, 10.00, 83.00, 560.00, -527.00, -538.00
-339.00, 4.00, 84.00, 540.00, -507.00, -519.00
-338.00, 1.00, 85.00, 521.00, -489.00, -501.00
-341.00, -2.00, 87.00, 502.00, -470.00, -483.00
-350.00, -13.00, 84.00, 483.00, -451.00, -466.00
-354.00, -18.00, 83.00, 465.00, -434.00, -448.00
-351.00, -18.00, 93.00, 448.00, -419.00, -432.00
-351.00, -18.00, 93.00, 430.00, -403.00, -417.00
-356.00, -22.00, 91.00, 415.00, -387.00, -403.00
-362.00, -33.00, 85.00, 401.00, -374.00, -389.00
-362.00, -33.00, 85.00, 388.00, -364.00, -378.00
-367.00, -45.00, 81.00, 380.00, -358.00, -370.00
-367.00, -51.00, 79.00, 376.00, -356.00, -368.00
-373.00, -57.00, 80.00, 377.00, -359.00, -369.00
-370.00, -62.00, 83.00, 380.00, -362.00, -370.00
-379.00, -70.00, 84.00, 381.00, -364.00, -369.00
-381.00, -79.00, 88.00, 379.00, -361.00, -365.00
-381.00, -80.00, 91.00, 372.00, -354.00, -356.00
-385.00, -82.00, 87.00, 362.00, -344.00, -345.00
-389.00, -91.00, 92.00, 349.00, -332.00, -330.00
-393.00, -94.00, 96.00, 330.00, -313.00, -311.00
-391.00, -85.00, 97.00, 309.00, -293.00, -291.00
-391.00, -90.00, 93.00, 288.00, -273.00, -270.00
-396.00, -89.00, 95.00, 267.00, -252.00, -248.00
-396.00, -90.00, 96.00, 244.00, -231.00, -226.00
-392.00, -87.00, 98.00, 221.00, -209.00, -204.00
-397.00, -79.00, 96.00, 199.00, -188.00, -183.00
-396.00, -78.00, 96.00, 182.00, -172.00, -166.00
-397.00, -84.00, 99.00, 165.00, -157.00, -151.00
-391.00, -86.00, 99.00, 148.00, -140.00, -135.00
-400.00, -81.00, 96.00, 133.00, -126.00, -120.00
-400.00, -80.00, 101.00, 120.00, -114.00, -107.00
-399.00, -77.00, 105.00, 107.00, -102.00, -95.00
-398.00, -74.00, 102.00, 95.00, -90.00, -84.00
-398.00, -74.00, 105.00, 82.00, -77.00, -72.00
-399.00, -68.00, 104.00, 71.00, -67.00, -60.00
-402.00, -70.00, 104.00, 62.00, -58.00, -52.00
-404.00, -73.00, 102.00, 54.00, -50.00, -44.00
-401.00, -64.00, 102.00, 46.00, -44.00, -36.00
-403.00, -65.00, 105.00, 40.00, -37.00, -31.00
-397.00, -60.00, 106.00, 33.00, -31.00, -25.00
-399.00, -59.00, 106.00, 28.00, -25.00, -21.00
-403.00, -60.00, 104.00, 25.00, -23.00, -18.00
-401.00, -60.00, 107.00, 23.00, -22.00, -18.00
-403.00, -62.00, 104.00, 23.00, -22.00, -18.00
-400.00, -61.00, 109.00, 23.00, -22.00, -18.00
-402.00, -61.00, 106.00, 20.00, -19.00, -15.00
-397.00, -53.00, 104.00, 18.00, -16.00, -13.00
17.00, -24.00, 9.00, 8.00, -7.00, -6.00
29.00, -47.00, 18.00, 6.00, -5.00, -5.00
34.00, -61.00, 35.00, 0.00, -1.00, 3.00
38.00, -72.00, 42.00, 7.00, 4.00, 13.00
52.00, -86.00, 50.00, 12.00, 6.00, 19.00
68.00, -110.00, 54.00, 18.00, 8.00, 24.00
85.00, -136.00, 57.00, 30.00, 18.00, 40.00
77.00, -139.00, 55.00, 62.00, 46.00, 74.00
77.00, -139.00, 55.00, 104.00, 85.00, 126.00
94.00, -83.00, 75.00, 149.00, 126.00, 175.00
106.00, -83.00, 61.00, 192.00, 163.00, 217.00
106.00, -83.00, 61.00, 240.00, 207.00, 264.00
103.00, -60.00, 53.00, 294.00, 257.00, 320.00
108.00, -16.00, 57.00, 349.00, 307.00, 375.00
115.00, 28.00, 42.00, 395.00, 350.00, 421.00
146.00, 69.00, 31.00, 434.00, 391.00, 458.00
140.00, 81.00, 29.00, 475.00, 432.00, 496.00
116.00, 82.00, 18.00, 520.00, 473.00, 542.00
157.00, 134.00, 12.00, 557.00, 510.00, 577.00
182.00, 185.00, 21.00, 578.00, 531.00, 583.00
169.00, 162.00, 12.00, 588.00, 544.00, 592.00
152.00, 164.00, 2.00, 604.00, 561.00, 614.00
182.00, 194.00, 7.00, 624.00, 585.00, 637.00
182.00, 192.00, 23.00, 647.00, 608.00, 656.00
188.00, 203.00, 23.00, 665.00, 625.00, 671.00
186.00, 219.00, 24.00, 672.00, 630.00, 675.00
193.00, 242.00, 30.00, 662.00, 620.00, 662.00
210.00, 252.00, 17.00, 646.00, 603.00, 638.00
233.00, 228.00, 10.00, 632.00, 596.00, 619.00
221.00, 209.00, 21.00, 626.00, 594.00, 620.00
223.00, 217.00, 38.00, 626.00, 594.00, 620.00
245.00, 225.00, 45.00, 618.00, 586.00, 607.00
250.00, 210.00, 60.00, 599.00, 568.00, 584.00
238.00, 179.00, 53.00, 582.00, 550.00, 567.00
230.00, 175.00, 58.00, 567.00, 535.00, 555.00
241.00, 201.00, 67.00, 549.00, 516.00, 536.00
264.00, 197.00, 59.00, 528.00, 497.00, 511.00
278.00, 170.00, 61.00, 512.00, 484.00, 495.00
267.00, 163.00, 72.00, 501.00, 474.00, 488.00
267.00, 175.00, 81.00, 490.00, 464.00, 484.00
279.00, 181.00, 70.00, 484.00, 455.00, 474.00
291.00, 164.00, 70.00, 471.00, 444.00, 457.00
290.00, 148.00, 76.00, 460.00, 436.00, 453.00
287.00, 150.00, 74.00, 457.00, 433.00, 452.00
298.00, 160.00, 73.00, 455.00, 432.00, 453.00
318.00, 152.00, 64.00, 455.00, 436.00, 455.00
327.00, 119.00, 74.00, 468.00, 454.00, 468.00
320.00, 117.00, 93.00, 499.00, 491.00, 504.00
302.00, 139.00, 100.00, 537.00, 527.00, 548.00
314.00, 175.00, 113.00, 559.00, 544.00, 568.00
328.00, 171.00, 111.00, 551.00, 534.00, 557.00
339.00, 136.00, 91.00, 538.00, 522.00, 542.00
345.00, 125.00, 93.00, 543.00, 531.00, 549.00
335.00, 153.00, 119.00, 556.00, 546.00, 565.00
337.00, 167.00, 129.00, 559.00, 545.00, 567.00
356.00, 161.00, 106.00, 544.00, 528.00, 549.00
372.00, 136.00, 94.00, 531.00, 518.00, 530.00
361.00, 112.00, 94.00, 536.00, 531.00, 537.00
356.00, 121.00, 109.00, 565.00, 563.00, 568.00
352.00, 151.00, 140.00, 593.00, 590.00, 596.00
345.00, 145.00, 141.00, 599.00, 593.00, 598.00
360.00, 135.00, 129.00, 586.00, 576.00, 581.00
364.00, 121.00, 115.00, 566.00, 556.00, 558.00
370.00, 107.00, 112.00, 553.00, 544.00, 543.00
370.00, 118.00, 117.00, 547.00, 538.00, 539.00
371.00, 135.00, 139.00, 535.00, 525.00, 525.00
371.00, 132.00, 123.00, 506.00, 496.00, 497.00
379.00, 105.00, 114.00, 475.00, 464.00, 463.00
385.00, 100.00, 109.00, 455.00, 448.00, 444.00
380.00, 102.00, 118.00, 452.00, 446.00, 441.00
373.00, 117.00, 132.00, 453.00, 449.00, 441.00
365.00, 115.00, 137.00, 446.00, 441.00, 433.00
371.00, 118.00, 139.00, 426.00, 419.00, 412.00
378.00, 106.00, 134.00, 397.00, 389.00, 381.00
386.00, 91.00, 119.00, 369.00, 363.00, 352.00
392.00, 71.00, 111.00, 357.00, 354.00, 339.00
386.00, 74.00, 122.00, 360.00, 361.00, 344.00
379.00, 87.00, 137.00, 368.00, 369.00, 352.00
373.00, 89.00, 139.00, 364.00, 364.00, 349.00
374.00, 84.00, 137.00, 347.00, 345.00, 333.00
377.00, 78.00, 135.00, 324.00, 319.00, 309.00
380.00, 78.00, 135.00, 300.00, 293.00, 284.00
386.00, 88.00, 135.00, 274.00, 266.00, 258.00
394.00, 77.00, 133.00, 244.00, 236.00, 229.00
394.00, 73.00, 120.00, 220.00, 214.00, 206.00
387.00, 72.00, 124.00, 204.00, 201.00, 193.00
386.00, 79.00, 122.00, 193.00, 190.00, 183.00
387.00, 74.00, 122.00, 182.00, 180.00, 171.00
389.00, 67.00, 121.00, 172.00, 170.00, 162.00
389.00, 70.00, 115.00, 163.00, 162.00, 155.00
385.00, 69.00, 119.00, 157.00, 157.00, 149.00
387.00, 68.00, 121.00, 150.00, 149.00, 142.00
390.00, 65.00, 121.00, 140.00, 139.00, 133.00
398.00, 69.00, 123.00, 129.00, 128.00, 123.00
394.00, 68.00, 118.00, 119.00, 119.00, 113.00
388.00, 58.00, 118.00, 114.00, 114.00, 108.00
388.00, 71.00, 121.00, 113.00, 114.00, 109.00
390.00, 74.00, 135.00, 109.00, 108.00, 104.00
393.00, 68.00, 125.00, 98.00, 97.00, 94.00
387.00, 63.00, 124.00, 88.00, 87.00, 83.00
-3.00, 16.00, 14.00, 47.00, -49.00, -47.00
-2.00, 13.00, 11.00, 53.00, -56.00, -56.00
-4.00, 18.00, 13.00, 58.00, -62.00, -64.00
-4.00, 23.00, 13.00, 65.00, -71.00, -73.00
-9.00, 29.00, 17.00, 78.00, -85.00, -87.00
-13.00, 36.00, 20.00, 99.00, -107.00, -109.00
-13.00, 31.00, 13.00, 121.00, -129.00, -132.00
-13.00, 24.00, 12.00, 138.00, -145.00, -150.00
-17.00, 34.00, 13.00, 153.00, -161.00, -166.00
-24.00, 57.00, 17.00, 174.00, -182.00, -187.00
-23.00, 79.00, 10.00, 199.00, -205.00, -209.00
-21.00, 91.00, 1.00, 213.00, -215.00, -225.00
-18.00, 104.00, 5.00, 211.00, -209.00, -227.00
-25.00, 131.00, 20.00, 208.00, -207.00, -232.00
-30.00, 165.00, 36.00, 224.00, -227.00, -258.00
-16.00, 172.00, 33.00, 263.00, -268.00, -307.00
-7.00, 147.00, 21.00, 312.00, -315.00, -360.00
-10.00, 129.00, 15.00, 352.00, -352.00, -403.00
-9.00, 125.00, 18.00, 381.00, -379.00, -432.00
-11.00, 138.00, 26.00, 407.00, -404.00, -459.00
-16.00, 137.00, 22.00, 443.00, -439.00, -498.00
-22.00, 120.00, 20.00, 483.00, -479.00, -539.00
-26.00, 111.00, 32.00, 523.00, -518.00, -579.00
-31.00, 105.00, 27.00, 559.00, -553.00, -613.00
-44.00, 101.00, 28.00, 592.00, -585.00, -643.00
-54.00, 96.00, 28.00, 625.00, -619.00, -675.00
-57.00, 92.00, 32.00, 657.00, -650.00, -705.00
-71.00, 88.00, 27.00, 688.00, -680.00, -733.00
-83.00, 70.00, 31.00, 714.00, -705.00, -756.00
-99.00, 67.00, 31.00, 732.00, -722.00, -769.00
-117.00, 66.00, 30.00, 742.00, -734.00, -777.00
-129.00, 74.00, 41.00, 754.00, -748.00, -787.00
-133.00, 70.00, 36.00, 776.00, -771.00, -807.00
-149.00, 49.00, 23.00, 801.00, -795.00, -827.00
-161.00, 44.00, 16.00, 815.00, -808.00, -837.00
-170.00, 47.00, 6.00, 821.00, -813.00, -836.00
-184.00, 56.00, 1.00, 820.00, -810.00, -830.00
-201.00, 69.00, 0.00, 816.00, -803.00, -822.00
-211.00, 60.00, 16.00, 812.00, -798.00, -814.00
-220.00, 62.00, 22.00, 803.00, -788.00, -802.00
-225.00, 70.00, 22.00, 793.00, -776.00, -787.00
-237.00, 64.00, 25.00, 778.00, -760.00, -768.00
-230.00, 75.00, 40.00, 758.00, -739.00, -745.00
-234.00, 79.00, 43.00, 728.00, -705.00, -714.00
-246.00, 80.00, 37.00, 690.00, -662.00, -675.00
-263.00, 83.00, 21.00, 649.00, -620.00, -635.00
-265.00, 88.00, 16.00, 621.00, -595.00, -609.00
-263.00, 77.00, 21.00, 609.00, -587.00, -600.00
-264.00, 64.00, 29.00, 606.00, -586.00, -599.00
-267.00, 64.00, 32.00, 602.00, -580.00, -594.00
-282.00, 57.00, 39.00, 590.00, -566.00, -580.00
-292.00, 71.00, 38.00, 570.00, -546.00, -560.00
-288.00, 80.00, 30.00, 557.00, -532.00, -545.00
-291.00, 52.00, 36.00, 551.00, -525.00, -540.00
-299.00, 43.00, 41.00, 543.00, -516.00, -531.00
-305.00, 52.00, 35.00, 526.00, -501.00, -515.00
-309.00, 55.00, 31.00, 513.00, -489.00, -503.00
-312.00, 48.00, 37.00, 508.00, -484.00, -499.00
-320.00, 33.00, 42.00, 509.00, -484.00, -499.00
-324.00, 28.00, 41.00, 506.00, -482.00, -497.00
-328.00, 32.00, 44.00, 500.00, -477.00, -491.00
-328.00, 27.00, 45.00, 497.00, -475.00, -489.00
-334.00, 13.00, 52.00, 499.00, -477.00, -490.00
-335.00, -3.00, 54.00, 497.00, -475.00, -488.00
-339.00, 10.00, 55.00, 490.00, -467.00, -479.00
-344.00, 8.00, 55.00, 482.00, -458.00, -471.00
-344.00, 8.00, 55.00, 475.00, -452.00, -464.00
-351.00, -9.00, 58.00, 467.00, -445.00, -458.00
-353.00, -8.00, 67.00, 461.00, -439.00, -450.00
-353.00, -8.00, 67.00, 452.00, -430.00, -442.00
-355.00, -19.00, 70.00, 441.00, -418.00, -430.00
-360.00, -20.00, 69.00, 431.00, -408.00, -420.00
-370.00, -24.00, 67.00, 425.00, -403.00, -414.00
-358.00, -34.00, 68.00, 421.00, -400.00, -411.00
-361.00, -55.00, 74.00, 412.00, -390.00, -401.00
-367.00, -53.00, 76.00, 397.00, -375.00, -383.00
-374.00, -56.00, 60.00, 384.00, -362.00, -367.00
-377.00, -56.00, 55.00, 373.00, -353.00, -355.00
-374.00, -69.00, 68.00, 359.00, -340.00, -342.00
-374.00, -70.00, 69.00, 338.00, -318.00, -321.00
-379.00, -67.00, 64.00, 314.00, -295.00, -298.00
-388.00, -71.00, 59.00, 290.00, -275.00, -275.00
-388.00, -66.00, 57.00, 276.00, -264.00, -261.00
-388.00, -54.00, 53.00, 276.00, -266.00, -262.00
-388.00, -67.00, 65.00, 281.00, -272.00, -269.00
-385.00, -85.00, 82.00, 277.00, -266.00, -263.00
-393.00, -86.00, 87.00, 258.00, -245.00, -241.00
-405.00, -76.00, 78.00, 234.00, -221.00, -213.00
-393.00, -52.00, 69.00, 216.00, -205.00, -197.00
-389.00, -65.00, 72.00, 201.00, -190.00, -185.00
-398.00, -75.00, 83.00, 181.00, -171.00, -166.00
-403.00, -65.00, 69.00, 161.00, -152.00, -143.00
-399.00, -47.00, 67.00, 147.00, -139.00, -129.00
-398.00, -54.00, 67.00, 136.00, -129.00, -122.00
-393.00, -54.00, 76.00, 125.00, -117.00, -112.00
-401.00, -55.00, 80.00, 109.00, -102.00, -97.00
-401.00, -50.00, 71.00, 95.00, -89.00, -85.00
-400.00, -46.00, 69.00, 87.00, -82.00, -78.00
-401.00, -48.00, 62.00, 86.00, -82.00, -77.00
-399.00, -54.00, 72.00, 83.00, -80.00, -76.00
2.00, 11.00, 2.00, 25.00, 24.00, 24.00
8.00, 6.00, 0.00, 26.00, 24.00, 22.00
-1.00, -2.00, 1.00, 25.00, 24.00, 22.00
3.00, 8.00, 4.00, 25.00, 24.00, 22.00
2.00, 3.00, 1.00, 23.00, 21.00, 19.00
2.00, 4.00, 3.00, 18.00, 17.00, 15.00
1.00, -7.00, 1.00, 15.00, 13.00, 12.00
4.00, -1.00, 7.00, 15.00, 13.00, 12.00
3.00, 1.00, 6.00, 16.00, 15.00, 13.00
1.00, -1.00, 4.00, 17.00, 16.00, 15.00
-1.00, 2.00, 5.00, 17.00, 16.00, 15.00
7.00, 5.00, 1.00, 17.00, 15.00, 15.00
6.00, 0.00, 5.00, 14.00, 13.00, 13.00
-4.00, -9.00, 6.00, 12.00, 11.00, 11.00
9.00, -7.00, 5.00, 15.00, 14.00, 15.00
7.00, -5.00, 0.00, 20.00, 19.00, 20.00
11.00, -12.00, 10.00, 22.00, 20.00, 21.00
18.00, -24.00, 5.00, 17.00, 16.00, 17.00
22.00, -51.00, 8.00, 14.00, 12.00, 14.00
40.00, -72.00, 13.00, 18.00, 15.00, 17.00
58.00, -100.00, 31.00, 28.00, 25.00, 30.00
31.00, -106.00, 36.00, 47.00, 44.00, 51.00
44.00, -97.00, 39.00, 68.00, 60.00, 78.00
62.00, -95.00, 37.00, 86.00, 73.00, 99.00
70.00, -100.00, 27.00, 100.00, 83.00, 113.00
56.00, -65.00, 8.00, 116.00, 97.00, 131.00
67.00, -47.00, 17.00, 133.00, 112.00, 156.00
85.00, -46.00, 7.00, 155.00, 132.00, 179.00
98.00, -38.00, 0.00, 184.00, 159.00, 207.00
87.00, -23.00, 9.00, 224.00, 199.00, 249.00
87.00, -23.00, 9.00, 274.00, 249.00, 303.00
95.00, 66.00, 19.00, 322.00, 293.00, 354.00
108.00, 82.00, 4.00, 352.00, 319.00, 382.00
108.00, 82.00, 4.00, 370.00, 335.00, 393.00
121.00, 56.00, 23.00, 400.00, 368.00, 420.00
116.00, 84.00, 11.00, 443.00, 413.00, 466.00
111.00, 138.00, 11.00, 477.00, 443.00, 497.00
118.00, 178.00, 10.00, 477.00, 438.00, 487.00
158.00, 154.00, 4.00, 458.00, 420.00, 461.00
155.00, 118.00, 11.00, 450.00, 414.00, 453.00
129.00, 105.00, 20.00, 466.00, 429.00, 475.00
156.00, 174.00, 1.00, 481.00, 443.00, 491.00
180.00, 203.00, 5.00, 477.00, 440.00, 476.00
176.00, 142.00, 7.00, 466.00, 433.00, 464.00
176.00, 121.00, 8.00, 473.00, 439.00, 476.00
174.00, 163.00, 6.00, 483.00, 447.00, 488.00
197.00, 191.00, 5.00, 479.00, 443.00, 479.00
213.00, 163.00, 7.00, 470.00, 439.00, 464.00
208.00, 121.00, 5.00, 473.00, 445.00, 472.00
195.00, 122.00, 1.00, 493.00, 463.00, 500.00
219.00, 182.00, 23.00, 503.00, 471.00, 508.00
239.00, 195.00, 21.00, 492.00, 460.00, 488.00
255.00, 131.00, 6.00, 479.00, 449.00, 471.00
252.00, 87.00, 25.00, 481.00, 452.00, 478.00
240.00, 125.00, 36.00, 484.00, 450.00, 489.00
260.00, 171.00, 24.00, 472.00, 436.00, 475.00
278.00, 148.00, 11.00, 454.00, 422.00, 452.00
290.00, 105.00, 6.00, 454.00, 427.00, 455.00
271.00, 115.00, 11.00, 475.00, 449.00, 487.00
287.00, 172.00, 37.00, 494.00, 467.00, 507.00
295.00, 190.00, 32.00, 496.00, 468.00, 502.00
298.00, 159.00, 16.00, 492.00, 465.00, 494.00
311.00, 144.00, 17.00, 497.00, 472.00, 500.00
308.00, 156.00, 39.00, 504.00, 479.00, 510.00
313.00, 186.00, 45.00, 498.00, 470.00, 504.00
325.00, 172.00, 30.00, 482.00, 455.00, 483.00
334.00, 147.00, 27.00, 471.00, 447.00, 469.00
340.00, 135.00, 33.00, 469.00, 448.00, 471.00
339.00, 156.00, 46.00, 470.00, 448.00, 475.00
345.00, 172.00, 47.00, 458.00, 435.00, 461.00
349.00, 150.00, 30.00, 441.00, 419.00, 438.00
360.00, 113.00, 23.00, 430.00, 411.00, 426.00
353.00, 98.00, 36.00, 433.00, 417.00, 433.00
355.00, 108.00, 46.00, 443.00, 427.00, 448.00
355.00, 130.00, 49.00, 447.00, 429.00, 452.00
373.00, 129.00, 52.00, 439.00, 420.00, 440.00
381.00, 100.00, 37.00, 431.00, 416.00, 431.00
377.00, 82.00, 44.00, 433.00, 419.00, 436.00
381.00, 111.00, 55.00, 439.00, 425.00, 444.00
384.00, 120.00, 57.00, 436.00, 422.00, 443.00
390.00, 92.00, 40.00, 433.00, 422.00, 440.00
400.00, 72.00, 48.00, 447.00, 439.00, 453.00
400.00, 69.00, 57.00, 478.00, 471.00, 484.00
387.00, 92.00, 77.00, 507.00, 500.00, 515.00
376.00, 122.00, 89.00, 513.00, 501.00, 518.00
385.00, 119.00, 77.00, 488.00, 472.00, 488.00
391.00, 87.00, 63.00, 452.00, 435.00, 446.00
400.00, 70.00, 51.00, 428.00, 412.00, 421.00
411.00, 74.00, 57.00, 421.00, 406.00, 415.00
409.00, 100.00, 75.00, 416.00, 402.00, 409.00
399.00, 101.00, 69.00, 399.00, 385.00, 392.00
401.00, 94.00, 66.00, 375.00, 360.00, 367.00
408.00, 82.00, 58.00, 348.00, 333.00, 339.00
408.00, 73.00, 53.00, 330.00, 317.00, 319.00
404.00, 82.00, 57.00, 318.00, 306.00, 306.00
403.00, 86.00, 57.00, 305.00, 294.00, 292.00
408.00, 91.00, 59.00, 284.00, 274.00, 271.00
407.00, 72.00, 53.00, 261.00, 251.00, 245.00
413.00, 58.00, 52.00, 241.00, 232.00, 225.00
407.00, 58.00, 55.00, 229.00, 222.00, 213.00
